-2900
4226
8028
7812
9556
6385
-1056
6758
-8906
8120
-730
-9506
8256
-1440
-3956
1183
4202
-8727
-6377
-483
-8606
-6792
8654
-5835
5560
8308
-9132
-3810
-9369
-5929
3467
4881
-8982
-2782
-9987
9244
-8693
-358
1995
-2043
-1166
6070
5448
1233
-751
3248
-1263
-5416
-9466
-373
-6957
-7485
-5151
-5145
7527
8726
1177
-1350
2228
-8646
-2086
4374
-7076
9986
-4149
710
-4289
8092
7272
4098
-6804
-4832
837
-8304
-5244
-2028
2260
721
-4586
643
-6560
9631
4705
1669
5180
-6435
4257
-275
7663
6372
-6268
-3231
-1793
3062
-1140
-4549
-5932
4927
-8724
-2281
9047
-6034
8967
-9463
866
9036
-7000
-8062
-2727
-671
3489
-2603
9214
-332
2602
9719
-1667
215
3688
-5316
965
4667
5864
9417
353
1044
4634
-6902
-8649
4065
-3870
4406
8595
-9749
-3275
-9771
-777
5630
-6450
2559
7586
5562
-1094
-3794
6338
-3276
4860
8137
-8496
4017
6554
-5889
-4787
7560
-2906
-1075
1783
-1526
-5877
1475
-1401
751
-6902
-4468
-9029
-7828
6378
-8939
379
5405
1918
-1532
3913
-4819
3496
-1414
-9174
-3222
7974
-5596
-5233
-9606
-4303
-8847
-1371
733
209
-9192
952
-8877
-538
4286
9824
8869
3178
6272
2722
3996
-3380
-6558
-927
-5455
-5235
6997
-4022
7472
-3947
7318
-551
-2179
8181
2057
-532
7656
-4345
4713
-8722
-1265
8728
4390
6785
-5478
6844
2287
7051
7010
6906
-9805
-3497
-9857
-5869
9157
-1299
-9585
5333
4354
-6932
-3170
3588
-2427
-7702
3797
-8149
-43
-5991
4043
-4699
-7475
2097
1502
6343
-9911
-5764
-7750
-1312
-4782
-6951
-1820
3558
-2067
-6524
-6036
-2947
7898
363
4005
-7374
7140
-8067
-7049
-5529
2300
-2563
4998
-4899
-7474
-3179
-4559
1212
-2940
508
3561
9282
8163
5148
-5278
-1212
73
7744
-8799
4538
5219
2842
4953
-7644
8537
-3933
-9192
-4811
-2241
9379
6234
9755
-2373
-8122
8519
4854
-868
-7620
-4653
3628
9421
8169
3240
832
-8753
7687
5031
-506
9794
8066
7816
-6524
-7531
2673
6284
8536
-6890
-1695
9932
4549
4668
4138
163
6928
6222
2348
2991
-387
413
5469
-5633
4154
-5089
2009
-7241
6801
2132
-7060
-4479
-6621
-2091
4750
-4405
-8772
-7746
-6004
4850
9189
9528
6657
8442
-6905
2706
4433
-4250
-3664
-5544
-5309
3533
-8388
9087
-1258
-9375
-7160
1532
9249
-5135
8676
-3181
-7918
-7417
6520
-8518
1558
7462
5977
-4553
-8899
7530
6090
-8674
-2648
-3181
-5427
-9507
-4874
-5951
-6083
842
4612
-8367
-8224
9747
-5522
869
4031
2998
5174
7839
1573
1363
9121
-2335
-3794
-2905
-2704
-8064
-9141
3053
-9460
4142
3424
5402
-9908
-4398
-7051
854
-904
6886
-1350
8501
4565
4434
6510
5753
4231
4381
-47
2945
3299
-7238
-3474
6594
-8189
-7060
-5892
-9228
-6434
3424
5365
-8922
-710
-7986
-4368
9869
-2199
4202
6796
6947
-5674
1148
111
4209
-8343
-8999
-5867
2927
985
8456
9548
3879
-4233
-7752
-238
-7637
-6270
-7173
2337
8405
7443
-4484
3671
5306
1515
754
6250
4160
-6017
-4378
4499
6855
3791
-6894
7221
1717
5036
8681
-7760
4836
5239
6096
-6519
8551
1671
-9429
-4708
-374
3231
6765
7307
2507
-5465
5995
-7420
-9746
-343
6264
9240
-8702
4797
-3831
-9970
-3919
3158
-5048
1205
2720
-9724
-1854
3699
-8874
-7135
-308
3911
-5649
-6600
-3892
-6551
1012
3724
886
1700
-627
-6295
7642
-9128
1163
-754
1173
-2868
-8652
4828
1034
-1674
-4801
-9463
8146
-2963
6555
-6625
-1142
8686
7771
5216
8697
-6818
-3595
5420
184
-6214
9455
-4917
-9512
1207
7614
-923
3307
-2934
-1028
-2129
9193
8974
-3948
-2073
4184
-3297
9702
3068
5573
517
7262
4834
448
-7043
3582
4576
-1043
3263
-6774
-4663
-1826
7259
-2514
-3756
248
-7569
7991
-1674
9816
1356
5882
-4169
-2524
1201
-6146
-5157
-8718
-6061
1296
-7732
-9565
-3353
4757
6736
-2310
8772
-2612
-2636
-3343
-705
-8424
5763
7090
-1991
-920
-2341
-1117
9731
2582
-8433
-8694
3769
9098
3798
-6408
1516
6882
5729
7792
-2507
5194
22
8086
-8570
-7055
-794
-8164
8202
-2337
-5634
1213
-6465
-7159
1926
7213
-3027
3250
144
8001
-3891
-163
-8862
9508
-2256
-6661
-8186
9387
-6942
7383
-2198
-7683
3072
-315
-5854
-1902
1218
-1944
9660
-7193
1470
-3618
2034
3705
-510
4554
5842
-8373
9887
7014
6705
9603
2766
-712
4733
3145
9920
-5113
8590
-2963
6611
2227
6296
-6339
7165
-7770
8479
4561
-760
4332
7676
-2965
7877
-5722
7452
-7806
-8875
4724
1978
-8001
-7407
-50
8106
2875
6184
-3214
-4368
-5607
703
-1824
9047
-6103
8584
-6692
9774
7742
6560
-161
-3177
-3119
8265
6119
-3265
7365
5334
8086
-844
4519
-2470
8341
-6413
8132
720
6011
8248
1642
-5542
6736
-1421
4693
2164
2755
9829
1358
9694
-714
3484
4843
7118
6206
2923
-8287
-3607
-5697
8048
-1752
8846
-7512
5457
-741
-4135
-8037
6734
-1170
-9836
-1233
-7471
9759
-4849
-7498
-4601
4165
1992
6834
3343
-5713
-5217
-1702
-2659
889
-625
-9099
-1348
5567
9
9488
-4555
-8048
2038
9768
7698
-9906
-1695
-920
-9020
2216
6105
-3721
-5167
4674
-3962
-5332
4757
-4551
-82
-8932
-8363
-3811
-815
4820
3107
-7589
-4016
-8313
7411
-5468
1752
6021
4510
-4082
9853
1768
-6586
5002
-5748
9982
-2446
-5970
-3259
3188
-2437
1720
4174
-9261
1929
-2399
1429
-937
5778
8276
-9741
1548
2478
-1705
-2105
-5264
-348
-737
9330
5133
175
7728
4661
-554
-9112
-9787
-6175
2545
-5253
-2971
4880
-3243
-4481
-2864
-4684
-9371
4974
3022
-1225
-6156
-4835
7444
-2150
7184
-8574
-7465
-8106
816
9
-5513
3332
-3682
2706
6394
2412
4802
2226
9284
-3781
735
-8350
-3885
4542
6541
-6744
-8564
4557
1428
6899
-4799
6653
-7494
5119
-743
-5429
3168
8241
5240
-9505
-8245
2552
-3021
3306
1959
-7686
-1879
8863
-2164
4517
-5571
-7210
-8602
-4823
-5181
6813
7072
-1020
-5845
-1498
-2092
-977
5548
-6153
-9401
-4081
7381
465
4480
8184
-6243
2378
8030
5628
-9478
-897
5741
-6646
-5970
-5289
8111
-7326
-18
-826
9927
7147
2423
-2225
4138
419
3958
9892
-1284
5788
-5738
8854
-2452
5632
-7228
-1023
-7358
613
598
-3597
4334
299
-7752
1600
-4926
141
3898
-456
7933
8503
-8063
-8096
-7697
-5848
6568
-5073
9042
-7448
-8244
9162
-1012
5615
3612
-6777
8038
-9525
1314
2564
4646
-8944
8814
-9109
5507
3657
-7468
1282
6925
-5101
-4695
2677
1404
5586
-9761
2929
7484
-8627
1030
-9167
5886
-8961
-32
3016
6753
-2928
6838
408
1454
3435
4511
758
5268
6971
-5545
9495
-3424
-1689
3538
7139
9372
728
6290
9257
-6398
-9373
-9484
-3662
4411
-9073
6608
6258
8197
3637
-106
-877
52
-9275
668
-3522
679
2039
-6989
-1188
4022
-2831
9040
6926
-9809
-98
-1858
-8750
-5544
-4805
9617
7214
-7693
-8257
8275
6110
-3848
8027
-7134
6236
878
-2117
-3888
3293
3480
4268
7250
7937
-1152
-6589
5780
-4036
-8506
1672
7353
9728
4637
1789
3124
695
-9891
8421
2434
6378
-6279
8078
-3517
5885
-9976
-3319
-8077
-3625
8974
9007
503
-5785
-1820
2234
8108
7206
432
-3758
6611
-5395
-633
9610
-8529
-4033
-1721
1704
-5421
-6025
-7510
1132
9300
3094
8385
-3827
4455
-1143
-9597
-539
595
6039
-3283
-8671
4496
-8048
-8584
-248
-7116
3908
5792
4980
-3962
9826
-7650
1619
-2521
-5384
4170
-6509
3221
3592
2924
-4993
6386
9528
9455
-7663
-6
276
1191
3025
-2744
2544
-5673
1650
-4943
3212
-9448
4711
9447
-641
3623
-8546
-553
-2284
166
3404
-8599
-3039
6915
-2015
6533
8909
8073
1677
-5494
5175
8432
-6792
-3141
-9525
4620
-4275
-9867
2067
5920
-1026
-2091
2919
9627
-1573
5010
-4917
-4488
8606
-630
2876
-9143
6948
6487
7040
1820
4433
9108
-3191
-885
8905
-2885
-1985
-6895
77
2875
3876
-1986
3454
1877
-7301
-6086
722
-9557
-461
5489
-4102
5595
7305
-7787
-4545
-3846
-6179
-2942
-4979
-4190
1981
-1642
-4165
9065
-6802
7915
-9475
5889
-2158
-9766
8511
2763
-1269
-3361
-434
-7822
-1662
-9328
2012
2381
8478
3345
-3188
-7727
-2191
-841
-3917
-9465
3460
875
-7152
5638
5088
-5213
5612
4425
7033
1557
1604
-473
5634
-7741
-9039
2431
-7063
-2943
-8708
-188
4588
7338
3903
9966
5564
5088
-7229
-169
4837
2254
9330
-3289
9895
8479
9691
2156
-4643
9577
4152
-7240
793
-6475
-2585
-3366
2591
-4033
8392
7908
3473
-6032
8334
1195
4981
6705
1973
-9209
7588
8567
9407
-6048
-7448
-3725
-2794
-5521
948
1719
-8596
6568
-194
3595
-5922
1937
3211
3915
-6467
-8402
1780
-3201
-587
5459
6518
3971
7462
-3952
9217
-9837
1529
-4389
9641
-2753
-5988
3951
7085
1385
3388
2987
8145
2937
9660
-9791
-4153
-2672
-3204
8941
2287
-4634
-4309
-9036
-481
7782
-281
-2069
-5969
4025
6820
-2915
-5775
9999
7414
5467
-9935
-8293
818
-6491
-7354
7433
-2258
-8351
7633
4079
6751
1947
1515
-9755
-6266
9577
-4046
2093
-5945
-2485
7644
3939
9322
8882
103
-3290
2914
-5471
-2682
-3130
3723
8061
4267
-929
5393
2569
7451
-5202
-9835
-5622
-7373
-3843
-9045
8127
-4054
1013
-6559
7366
-3653
2871
-7791
-919
-2743
-6993
1539
1393
3729
-7613
-568
8529
-5200
-6757
-5939
-6836
-8261
2822
16
6441
-2024
57
2214
-4413
-185
5934
-9859
-3619
-2300
-6865
9201
-3899
1687
1929
415
147
-5603
-867
-1494
607
3742
-9751
5285
-7900
-6213
-3930
4833
3693
2761
-4822
9309
-9805
-6696
-9005
3767
-5443
3161
9376
-9036
-8022
-5302
4164
-8625
-7303
6944
8219
-4647
1907
64
-7666
-8210
-9100
-9861
-7548
8015
-1502
-855
2059
-9362
3450
7155
-4173
3211
-6440
8315
-8791
2047
3532
-4997
8015
425
4048
-1185
-2411
-9128
487
-9578
-4749
-5222
-7236
-3930
-5590
7470
-9213
4186
-6878
3695
3872
-7538
-3080
-9616
9940
6427
-4905
-6210
-5120
3299
-5929
-5334
6955
6165
1826
8137
-1810
-1663
-7149
1829
3752
-650
6336
6612
5845
2688
-6245
8406
-8169
-7066
-9427
9641
-7109
-7388
8189
8844
-7925
-2187
4439
6809
2473
-2402
-1957
-6431
-1714
-4682
-9794
5249
-9044
1077
9924
3239
3683
2717
2618
5395
3098
-2573
-6020
-1861
2379
-8130
1517
8810
-2887
2624
1032
-5514
9888
-9540
-5486
3379
4384
9385
9702
-2182
1484
1265
-572
6466
8273
-9815
-6929
-6882
-7968
4321
9723
-7043
7931
-8481
-9398
3875
-8789
-2454
7190
8066
3409
2157
-2880
9473
-450
2077
293
5654
828
8169
9214
-3493
-68
7523
6897
-6543
-8909
-2523
6766
2996
-7864
3347
3044
-2979
-2767
-4182
-2418
3950
4974
398
-1219
3314
2736
-1353
18
-215
-2580
-4292
1148
-6302
-8771
-3948
9734
-5205
2357
1197
-4049
7189
-8648
5749
8644
4886
-8865
-2907
4098
-3605
5427
37
-3614
-7948
-2494
-1265
-7155
-201
-53
7952
-1643
4922
5436
3077
-345
-7314
2380
-2085
9811
-7640
3684
-3698
-9447
-1539
-4833
2111
-7479
-3341
8694
1191
-6203
699
-4431
-5980
-5983
-4016
6679
2932
9088
-5868
-2460
3326
4669
4418
2487
7349
-7969
217
5699
-9036
-1493
-5058
3404
-1561
-7101
-5053
6808
6837
3343
-3359
381
-7410
-5769
-107
-836
-5597
4849
9009
8583
-2008
9522
9577
3648
7123
-8673
7572
3478
-9500
-9908
2515
8027
2323
-745
-6012
5997
7731
-2106
-5023
-2203
5969
495
7855
-5646
4607
-1965
2291
4227
764
-2708
4221
9702
3946
-1972
-7993
-4852
-2589
4312
5282
5434
-6057
-1415
-3525
-9027
9561
2577
4261
-1936
-2698
7867
-7410
5969
4853
-5599
-2279
4366
-9193
2503
2357
-4938
-970
9772
-2239
2504
-39
-4525
-2563
3565
-5092
-6695
2308
-4138
-4100
-5376
7315
7494
-5143
5192
-4667
-7845
-6035
1869
-733
-8879
4245
-2238
1529
-515
1783
-2103
4779
5164
-6104
1374
-1231
1071
-2847
-6844
-8206
6701
-3288
-8523
3758
-818
-5094
-4169
-5774
-9261
-3651
-2170
-1938
394
5281
-4886
-967
-5086
8460
-6950
1486
767
3962
-6739
6949
-8128
-206
-4727
-6763
3580
-1561
4511
6646
-9281
-8887
-3921
-7392
-4820
3961
358
-2330
1825
3968
-8895
-8517
8314
-123
-5827
-3203
6778
4976
2854
9160
-3806
-6308
-993
-6776
-1186
-3154
4872
877
-8713
6690
9984
1913
-6768
488
-9779
-4859
2113
1158
2690
4748
-5305
96
8997
-7525
-6253
-5499
2589
3327
8980
-6483
4121
5665
3534
3123
6816
5556
8741
-6401
-3769
8530
2326
-2106
9340
2410
7881
-3844
6359
3491
7639
1908
-5827
-9065
-7896
-9965
8934
9169
-1307
-498
-3734
6222
-7937
-7263
1139
3667
9335
3689
6203
-7975
-9800
-3498
-3479
-1327
1399
6714
-2287
-9526
8469
6947
-5603
3330
7968
-9487
9978
4453
-6021
5139
-4289
-5184
-4413
-5708
-6521
6571
4857
-4653
5990
-4553
-3219
-5566
-787
-1818
-1667
3341
-6288
-9777
4648
-1494
1015
6956
2007
135
4198
-2831
6459
2131
2908
-7440
9159
-8275
1285
4375
4206
852
-7907
5901
912
-2
1441
-3981
-225
5696
-7059
9143
5995
7833
-6945
8818
4289
-6469
-7551
5
-4474
7155
-9380
9855
-431
3713
24
-7706
9144
3419
-875
-8044
6746
2187
718
-942
-8603
-9527
-3114
5167
1673
9879
7005
-1439
3465
-5257
-5950
-1833
-7615
-3733
-8436
2773
-5056
2360
6394
3403
2865
1656
7944
-1662
-391
-7068
-7698
937
7227
-8391
9152
-249
-4063
4278
1037
-853
7174
-9320
-5417
5901
2878
4819
-5479
2997
-6380
6186
4691
5301
-5809
-671
-5788
7876
-3622
-1109
-4940
-4964
-6030
3108
-6519
5331
-9014
-350
-4060
6150
8709
168
-2528
3952
8593
-8961
-2382
6921
-8401
9375
-238
-7684
-8131
-4769
-6381
-6023
-7489
3986
9503
-5960
-2129
6904
8580
8759
3351
-8512
2300
-9325
4272
-4427
-9996
3017
8791
1493
3532
-8580
-7032
2760
-4830
7971
-5619
-886
5650
-234
8349
4041
613
-7060
-755
6400
-1529
-335
7995
-9318
-2923
148
-7090
-1821
-1913
-9549
-4507
476
9846
8105
-4355
6035
-1574
-5393
-6354
-832
7637
-5842
4149
-3356
8962
-1429
-7780
-4312
3812
-6612
5713
533
4063
1113
-489
-4847
-9370
1448
3638
-5541
1099
3468
-5820
3503
232
-3066
-6024
9455
-4971
7038
-6805
6591
9458
8700
8855
2683
4968
-8025
2697
-4057
9460
-3790
7718
-3175
-3087
6070
6631
-9267
9793
-7604
-8746
-9040
-6643
-6294
-1685
-6438
6536
1181
-1748
999
-1862
-7646
-5980
-3111
3528
-2972
8363
9681
-9914
6124
-3752
-6800
769
7739
-1245
2297
3424
9498
-965
6461
-9181
2728
7899
3584
9451
9363
2902
1213
-9358
7385
-4882
-7193
2047
6467
6519
-1376
-6157
7425
110
-6806
-1956
5289
-8548
7101
-1295
-9409
-7673
8126
2317
6259
8708
-1888
-2084
-8071
8114
-9360
7530
7954
-2685
6251
-3803
-5301
-7861
-6476
-6354
-7129
-7337
-5337
-8515
5506
9574
-6221
7608
-4831
-2099
864
-107
9067
-5755
6564
4184
7983
-1388
8374
-9845
2367
-8908
-23
6076
2491
-3436
-367
-4973
-8946
264
3678
-7061
3264
-7112
2973
-5318
947
5847
-7734
3299
-3529
4789
1509
-7892
-4524
6504
-6412
7434
-2067
-2677
-2360
4497
-8163
8022
-680
-1973
-6930
5316
-6169
-4300
-2015
-9252
9625
939
-6815
-582
8401
-4114
-3071
-7367
5937
-3173
-3605
2850
2378
-6724
9908
-5952
-4998
8383
4235
8225
5531
-9418
-2150
2806
8109
5094
-2414
-1004
-8337
-853
1490
-295
6521
-9851
7665
-3391
3042
-1933
-8800
9636
-1716
-3994
-7839
5370
3569
-3256
-6547
-9856
-4383
7022
-7296
-3011
2626
3241
-6590
1442
5426
-5687
187
8011
-1248
2190
8708
-9823
4533
-6103
9111
-2247
2220
5347
2026
-7943
2040
-8386
-6319
-6956
8593
-5130
-1090
8050
-9790
-22
-7124
9911
5275
-4955
1834
5717
6969
-747
9611
3162
2022
-3501
-1224
7324
4164
-151
203
-9606
-6664
8229
9389
2121
-2387
-5264
-7832
-8792
-328
-3966
-8407
466
1951
-2915
-3660
9444
-3290
-9382
-3679
-2666
6216
-6190
-4966
-5268
-3568
-1096
-9064
9413
3356
5625
-6736
-7622
-3887
6140
-8812
3246
2512
2726
-2737
1944
-2847
-4450
9854
-9859
-5114
-9981
-9307
-481
6514
7806
1805
2646
-4568
4019
1872
-9596
-1315
4959
-6384
9079
2740
8723
42
3530
3326
7219
-5239
4946
-7755
-7490
7486
6518
9548
-824
3764
4868
9908
2895
315
-1199
-9248
2797
5653
2436
-48
-2478
6026
2395
-6100
-2532
1837
7974
1483
3020
2862
9560
1774
9790
-6297
-9938
-281
-4847
4828
-3214
-5534
-9656
-6100
-2151
-7466
4284
-7408
-4028
7753
3988
2742
-7769
-7959
7823
9286
-6647
-7971
-8188
-4261
5421
5038
-7976
-8544
8066
-1003
-439
3058
540
9807
-9312
-3796
-9473
-768
-3614
3738
-5857
-6658
-3000
8789
-9374
2090
-6287
-7931
8273
-4927
-6003
9810
-6030
2770
-3694
-2431
-2043
6768
5667
-6192
5357
-4818
7513
2750
6994
964
-157
694
-6861
3977
2985
1455
-2115
8630
-2200
-3614
-9013
4256
4637
8260
-6614
5924
-8510
-4091
3586
5627
2599
6241
9808
-493
6130
7552
7119
-3330
4482
5344
-6274
-9707
-4146
-7435
3577
-7543
8218
-4411
9166
5383
-7814
1033
6618
1352
5845
7051
-603
-2162
-5188
-4514
-2773
-9528
-5956
7719
6048
-7867
4909
3075
-2968
1531
-8258
-7460
-7133
7702
-3206
-5702
3390
-6325
-6073
-559
4832
8213
2702
-5582
4565
-8550
-7702
8532
7825
8372
-4426
7480
3375
-5984
3549
-1068
7547
8023
3724
-9622
-4155
-4114
-9049
-9645
7128
-2429
3925
8711
3816
-1568
3100
7607
-3854
-5951
8037
451
-9769
-6975
5372
-9797
1709
-9263
4160
-9564
3055
-6917
8433
-176
3500
3403
-8760
-1650
7406
-9491
6737
-896
3445
5031
497
6491
1431
9392
213
-6914
2199
2791
6767
-183
1929
-9867
-8479
2338
-9289
-8137
-6717
582
-1045
-4111
132
5821
9686
4867
3595
6170
-8970
-1244
1997
8356
-8442
-6435
629
6150
-3257
-3799
9296
4436
5165
-7865
5662
7295
-9445
8449
6790
8037
-1738
-6611
2962
-2380
-4051
-1269
7257
848
-1074
-6761
5100
3915
-7575
9940
3981
3702
2977
-8930
-5197
4
-7888
-4778
3841
-7514
-3890
-1427
-8399
302
-4782
3056
-1199
-9230
-510
6959
728
6827
-4264
-4567
3130
-1104
2985
2999
-3296
7162
-2931
-8977
6074
-6038
9810
-3946
-3636
-1106
-7971
-9059
703
-1783
4128
9319
3045
3704
-9973
4129
-3282
1026
8955
-5876
12
-3022
7373
5657
1074
-7690
-3549
-5321
9819
4250
-5988
-1506
-5501
-1757
-5435
-8413
-3559
-7254
5876
3920
4169
-8149
-9145
1714
8021
-9135
5549
-5889
-413
2313
62
9965
2856
-7076
-7951
-2827
5339
231
7978
9405
2515
-8430
-9105
7320
5274
8088
-3434
-4583
9105
-8603
2150
9475
-6032
2966
-4039
7911
-4496
-1954
-5178
7259
7860
-8544
-5269
6463
53
4707
-117
9094
-9947
-5952
-5142
-1196
-9457
-6191
-8879
-2148
-6100
9537
-8706
1457
6831
8742
-6722
-2673
-2607
-1859
-4225
-6279
-3711
-8715
-1011
-7930
-634
-100
3226
-962
4096
1186
-2213
8333
3546
1619
1705
-1014
1598
2225
1398
-7604
6894
1133
-1115
-3737
-9513
2559
142
7805
4795
-5112
-9975
271
-1281
-7753
7966
7072
-871
1482
636
3103
-7966
-8859
7034
-4541
7202
-721
-1272
-8786
2919
-6844
-6947
445
-8017
-758
4563
-7026
-2788
1423
-9148
-5625
6195
3919
-5802
-7589
4924
4101
9432
-1122
-9481
-4510
6698
420
8211
-735
6487
-2765
8616
-1387
698
4468
1641
-6605
-9967
-8965
-263
-8683
-7391
6180
-9395
8073
8985
-6583
9747
-3494
-29
7740
-8979
8212
9726
-125
2966
669
-6224
-4093
7176
2260
-7222
5255
-3568
-8736
7948
947
-9369
-1817
-4848
2506
7375
5215
7445
1215
-2787
-2709
3947
8380
5977
9373
2772
8899
9103
1269
6039
-7244
-3729
1202
448
-417
-6931
-6445
7566
-3959
-1458
2828
8340
7292
3729
-5913
-9114
9840
-2688
-5561
5043
-5955
8769
-8318
3311
1070
-6963
505
3384
5928
6508
-2116
-6983
-7124
7165
7934
9244
-3386
4550
5874
5737
4459
6472
8054
70
-4872
6524
-364
5312
-9706
-505
-8623
8103
-4746
8619
7504
3566
4466
-9809
-1
2146
5494
-7181
-708
-8053
3745
5282
3073
9080
-6364
1988
-4445
-2053
1806
7583
-9272
4463
-2415
-8484
-745
8730
-2861
-9577
5677
-6315
3336
-2680
2232
8205
-7507
171
-3602
7342
2178
9834
-895
27
3013
-263
-3919
-4252
1918
8933
3992
-3022
2885
7112
-9615
4154
-1759
3075
4666
-8943
7573
6644
-1253
7195
-957
2165
-6367
4363
263
1236
-4514
6697
1075
-6924
-8572
-4175
-4156
-9444
-5282
-9983
-3496
-893
-3547
-4266
-3603
-6397
-9487
-8401
-8194
9826
-6556
-7158
-9930
-2718
440
7312
6703
8082
-9755
-1763
8961
5210
5187
4965
-7716
-8321
-1533
-6044
-9743
5239
6496
833
-4276
240
5775
1253
931
-9681
6613
718
-7385
-3229
7332
2832
4509
6649
7515
-700
-7400
-6572
-6478
-6432
-9420
-4291
498
-6728
6620
-7509
-1948
4697
-2187
-5031
-3825
-9909
5583
7601
9079
-2516
1364
-3122
-6550
-3924
-7829
-8111
-7494
4699
3661
-8713
-6601
-4990
9096
-634
3119
6753
9733
9065
2847
4965
-9330
-4678
277
-173
-8209
5015
-4748
6781
3196
-9972
7586
764
-9186
-7172
140
-36
-9279
9962
-2463
-3786
-1503
-6927
-8452
-4035
-4223
1912
-1064
-7154
5996
9709
9285
1274
9278
-8471
1957
-2343
-7807
1685
-6662
-9652
6165
2796
2095
-8861
1747
1321
3816
-3355
2278
9159
8464
-2349
-2756
4785
-7684
-2143
-4399
-3437
-9150
-1631
-9774
4043
-6418
185
-6263
-3860
-1871
3714
1938
-4936
1977
121
1543
-5007
7525
-4691
3481
-7998
2204
-5639
4109
-7938
-9769
7797
9974
-707
869
-4123
652
-940
7592
-2081
-2956
-7222
7427
-7980
801
856
-6535
-7469
-5057
2483
8437
-1096
2202
910
-3728
5117
1068
-3013
-5410
3001
-4511
-6142
8310
2057
9420
-4427
9554
5835
-4064
-4464
-2769
3226
8731
-8436
7741
6620
-937
7563
-2188
4936
-490
-2410
5416
-4687
-9161
-7815
9099
-2334
-4220
-4839
8473
-9438
-6237
5091
538
-1991
-6102
7755
5033
830
5593
-2671
3093
-8081
-4480
-3295
8594
4433
2612
-5195
6168
8869
-200
-7071
3426
9979
-7812
8844
-6633
9844
1030
-6966
7733
7447
-5399
8362
1192
4429
5806
1478
-4177
-9794
-3154
5614
-3882
9243
-2239
1877
7165
7044
-3950
-6108
504
-8226
8420
-1709
-2610
-9551
6393
993
7335
5952
3314
3151
7801
-6107
3905
320
9146
-4104
-1636
-5291
3529
-3434
4104
-8410
-2616
-8747
9598
-663
-4253
-3698
4714
-7068
1592
2433
-61
-9361
5632
-5667
7173
5064
-1577
419
-1337
-6348
-1038
-6550
-3321
-9524
-9917
-5946
-6966
-6544
5784
7759
3544
-2462
9565
2440
3840
-3074
-5556
249
3407
-5024
3153
-9172
-6418
-2402
-1076
944
-1367
-2770
6432
7080
9804
-8793
6337
1293
6588
2439
250
3476
8765
-3434
8876
8145
905
-6033
9961
-2011
2957
-2961
5237
6081
-3730
1535
-1644
-6686
341
-7047
-2348
9471
9860
4904
-2862
204
-2468
-5271
-5198
4527
-8324
-2282
-5966
-7456
-6824
-9660
720
-7413
-2808
6412
-7800
5618
7094
-8295
-5351
5439
6775
7242
-4865
464
-9197
-8416
-9527
-9119
4918
2008
-2286
9062
-8276
-6318
-9563
-5169
-6514
8765
5728
-6642
572
8890
2921
4096
9772
-3275
-7433
9451
6413
6336
-7049
8428
9175
1976
-6759
-4103
-9080
8701
5243
478
1878
4205
-7290
7283
-1156
5594
3403
3719
2155
-1348
-7735
9153
-7515
-2571
-5918
2007
-2182
-1934
-5520
5830
-8586
7576
-7046
-2823
-6494
-8687
-1002
1413
791
7656
5709
-5713
7372
1115
6231
7791
-8966
3273
2265
-481
-6390
4752
7713
-517
9915
3053
6862
6422
-9805
-370
-2096
-4494
5885
-1121
-4700
7378
4542
6075
6652
-7318
-4230
7540
5807
3416
5312
-520
-8526
-230
-2093
-8212
-1072
-4986
402
4515
-6565
-831
8810
-4449
2046
7506
5853
8393
-1733
-4362
-473
-6099
-6060
6005
6820
2358
87
-6018
6278
-2215
-3595
-330
1419
7300
8321
1928
4165
6181
-2394
-8607
-7256
-1768
4640
-9057
1182
-9921
-8553
-9598
934
3023
8507
3733
5245
7191
3819
-2716
9942
-9470
2331
-6294
793
3551
2113
9752
-3525
4805
-7184
345
163
-5001
-3511
-7099
-2565
-8897
-6145
4330
-5037
3883
-5631
-2857
1204
-712
-3367
5691
-2532
-405
-3301
9117
1292
5076
-7861
7495
2188
4420
-6613
9975
9130
-8042
-8246
8226
1733
-1555
8913
1249
7117
748
1290
3174
-6525
7869
2650
-5298
6328
3896
-7746
-7029
6829
-2630
-4107
5402
7343
-471
5542
-6698
-8745
8172
2494
-8870
3968
-6233
-5672
-7490
-364
-1271
-6336
6850
-5682
-9305
210
-6337
4707
7955
2104
3444
-3753
-8868
9794
-5106
-3717
-8417
-8884
-9701
5567
-1663
-7081
3233
-7094
7496
-3013
-7412
-7630
1577
-967
-279
-9885
-7878
-1116
7098
-7806
-6733
442
6599
1563
-797
-9732
5624
7712
-6834
5824
3691
5604
-3113
-7600
147
-339
-3865
-9859
7207
-2366
-7620
8977
-8181
-498
2708
7533
-4333
3767
9864
-8155
-3969
9559
-3991
-8070
-2080
-3514
-4335
7672
-7182
7824
3993
4483
-5904
3007
-3784
-1912
4631
-8925
6751
-692
-2305
9882
-1691
1840
-9763
-8906
2453
9053
-1532
6306
497
-8470
6798
9175
8636
-651
2230
-8259
4632
2522
8316
7065
9654
5908
-1885
4076
3238
4709
7387
812
-3094
1370
-4171
-9304
6998
2511
2048
8202
-3444
1728
8405
8211
2822
-5457
-3548
-5725
4317
5952
-4248
9757
2214
-2354
3588
-1073
-6968
-9224
-9279
-7903
7509
1312
6993
-2632
2793
3888
-6633
6436
-4319
911
-1465
-400
8031
4756
3327
4651
7202
-2649
9852
6723
-7092
4862
8466
587
-5255
-6556
2403
-5158
9314
8965
-7824
5646
7159
9843
9815
6828
2533
-3137
2140
-713
-3181
9238
6212
-956
-1873
-2687
4909
-4342
-2779
-6326
-7609
9935
-2800
7957
5162
3220
7308
4872
7530
8895
-4789
-6666
6790
-1075
-6290
315
1675
-1940
-9251
-2137
-2006
-2211
8608
-5056
-6254
5751
-7301
-6653
4506
3957
1252
3289
4645
-369
-9393
-9175
-6503
-5622
856
-9246
8040
1998
3876
-2799
-9098
3247
4511
-3159
-9777
-4728
-6469
-3694
-9728
1082
-901
9623
6079
9024
3086
-7770
7462
7139
-9539
1788
-5675
9812
9335
8590
6831
-8780
-2727
3238
3461
-1494
-8590
5249
-7664
-7895
8630
6983
-5376
-2286
-5652
-5273
-8140
-7773
-7330
-3890
-5216
1584
3347
-5887
2037
-4014
5427
1320
1152
-6967
-8313
256
-7112
3162
4645
-7003
-7108
-3333
-8460
7722
4917
1226
-5723
5421
4069
5841
-8878
8090
-6258
307
-4044
-8139
-7614
-7703
-5742
-447
-1940
-7560
-8335
-4840
7289
4381
6768
-2621
-7581
-9382
-1322
-7516
6850
9012
4598
3496
-5430
-7221
-6112
-8739
2685
-5591
-9989
6355
9741
-5480
4298
1535
-7663
-9373
212
-9036
-5209
7390
9657
9389
6438
2944
-661
-152
-7821
-9905
-2342
-2902
-420
-6382
7543
-7368
2743
-8134
-719
-6541
1274
-241
5048
2609
2017
8941
9908
8791
-3122
-5246
8251
-4192
7244
7106
-7380
-5940
-217
-8720
5127
-3309
-6815
8877
4165
7814
4675
-5160
521
-6884
5378
2126
-4813
-672
5742
2714
8837
318
-330
3330
476
-4869
7755
-6594
8797
4937
3950
-5701
12
6148
7643
9285
-5666
7748
2216
3777
-4550
-5441
2222
-7681
7123
7250
338
8173
3215
-2410
948
6474
-3989
-7378
8610
-9289
-8058
-6523
4510
8306
-9437
3333
-8515
7172
-9943
1214
-6027
-5527
305
-9929
1821
-3456
9893
-4908
-6045
-8525
-5139
-1417
9845
4097
8026
5974
-231
2595
5088
-7409
991
-4085
1101
-3533
932
-5346
6201
-7559
3234
-2195
6512
-84
6099
964
8836
-4113
3042
8840
2631
8790
5403
7570
6586
-9117
3422
2944
-8175
2412
7347
-2228
3764
-8743
-8996
-2378
-5368
3005
-4147
-8045
6394
-2051
1542
1435
9798
-7346
-5748
8990
5834
-8054
8387
9633
1267
-5789
-6625
-4568
-9217
885
-4957
-7373
-7451
1118
4575
-3071
3616
-9601
8746
-5727
4660
-9081
-1068
1236
-973
8689
228
1
-6443
-3466
3975
7304
7970
-4022
-8890
8751
-525
6523
3787
-969
7592
1877
-3918
310
7250
-4408
-124
-1022
-4516
-3636
-1543
4880
3117
-1289
-3033
6210
6627
-5046
-775
2565
3367
-9696
9096
5765
-4477
-6286
-8516
2136
9908
8788
-7184
3387
-4639
2041
1023
-4777
-2296
-570
-3679
5833
2137
-8984
-1225
-3916
-4493
6316
8864
-6246
-8043
-9594
7164
8233
-4050
3326
4741
-6929
-6392
7038
-2094
5018
3324
4764
8382
-3965
9431
6610
2390
4523
-2945
-6468
-5319
-3118
4803
-6954
2247
-7256
4978
-3501
-4122
-7217
-447
-3670
-1440
-4620
5718
8762
796
-6793
-2566
3376
-4213
-8777
8208
5530
-6288
-5826
-4208
-9558
-4562
-5364
-9543
3084
8970
4192
8811
203
-2939
6697
-5591
-8313
-2048
-3074
2601
1552
8514
2411
-43
461
-8450
8103
-3133
1540
6481
-7678
-404
246
2213
6498
-281
-2130
2378
-6105
-1655
4185
-2183
8133
-1061
3643
6294
-985
494
7439
5
4479
-3450
9863
-3558
-853
-2416
-4634
-3465
4278
6210
1408
4512
635
1344
8330
-5392
-4348
342
1783
9353
1099
-9910
-4844
-1157
-9709
-488
-2289
8096
-8039
6847
-6437
-3990
2912
-4448
-8291
9730
1849
-2847
9130
-3457
1854
9756
8896
-986
-7344
1409
9381
-5201
2045
-6097
-4623
-8386
-455
53
-2301
-1618
3637
-6303
414
-7336
1143
3683
-8818
4076
9832
7829
5135
4338
-7158
7484
129
-2832
-1202
-5292
-6179
3630
-5502
2411
-468
-7845
-4171
1540
256
8531
4619
1168
-2739
-5483
8747
-20
-1249
-5925
-8941
9146
-8480
-8452
630
4723
3467
180
-7777
-9870
-5494
-31
-6379
8150
-4696
-9825
3070
-9273
-2190
8886
-2337
1050
-6667
6452
2892
2860
1755
9655
-5612
-2271
5142
-3439
2951
8959
-7840
-2536
-714
9257
8300
-5969
-2474
8780
3805
-2540
-6123
-6281
5997
6812
-363
4154
2981
8673
662
7994
3263
3787
-929
8463
2217
-1992
5804
8588
8163
794
6438
-500
-3982
7722
-1713
3957
6527
-7755
5056
1566
-4668
-5290
1124
-9684
-8108
-317
-2553
-5007
9665
-71
-5107
3359
5857
-2013
-1469
2336
4874
125
2459
3663
4224
8258
8256
-6529
5161
1424
-6554
1882
4111
-8155
-5765
3179
1005
-6907
-8503
-1602
7238
3838
-1170
9574
-2812
2970
5478
1256
-7436
6483
-4250
730
8283
-188
1688
-3661
-7287
7983
1808
-6179
86
5888
6161
-3791
-1477
8410
1778
-4586
-9200
-7600
6364
4129
-408
2270
8681
5931
-3228
426
-8050
-9917
9209
-6890
-310
2576
-3443
1088
243
-7883
1288
8100
8765
-2210
-1283
4147
7087
-9807
-8223
3723
7892
8151
7099
6673
9335
-2231
5392
-5
2651
4435
-5356
2671
-8626
1136
-4024
-4416
-5499
4415
7035
-7524
5627
-1910
-9221
-3126
-2525
263
-4572
9584
-7316
3814
8592
-4688
2699
1436
-4941
9235
-4385
6136
2831
-5916
3293
3006
396
6402
7722
7708
2252
2562
8840
-1747
8191
-3126
1969
310
-7551
-5308
-4649
4013
3007
-8779
3124
557
-9422
-3421
-4056
-3724
6833
-9514
-3335
9006
7434
2822
9871
-7926
9535
4280
-8751
6987
-1077
-5577
-9251
-613
-9512
-7840
-8724
1952
-5745
-8716
-4858
-826
-197
4393
355
-8868
-7905
9947
-5205
-4095
-4355
-1054
-5259
3717
-9855
-932
-7164
-1640
-6450
2787
-5975
-4610
2639
4163
7157
-6110
203
8728
1892
-9672
1123
7668
6338
-9482
-9214
6394
5085
5399
-146
7053
9
3705
8970
4697
-7968
5119
-1309
3279
-2113
-5899
-1875
9116
5248
8873
9932
9075
-571
3202
-8977
9518
-8949
4491
1719
223
-933
5282
-9198
-5698
-9288
9784
-9188
-6072
6330
3852
1325
1138
-2509
9763
1474
-2052
376
4011
-981
6360
2679
7545
-6207
1958
-1224
5887
-2585
9022
6916
-7494
-4737
-2960
-6493
4948
3820
2347
8035
-4190
7534
4590
2263
5639
-2405
-6800
-9583
-3383
-8303
-6860
-4156
4948
-2186
5271
6424
5736
-1105
7310
-2753
2868
-4020
9203
3911
9266
-6774
-5285
8647
7147
5111
5242
4237
-4874
-6011
-5174
1111
-7167
-3382
-9019
109
8824
-7088
9881
-5823
-6063
-8952
-8525
-1223
-6476
-261
-3562
162
-3938
-5764
-8436
9531
-4191
-6221
1256
2453
6872
-8645
4875
1163
4474
-4631
574
4155
7413
-4688
7619
339
9854
1114
7433
-2794
-7927
-7064
2496
-7289
-5508
9397
7862
-2622
-1325
5987
3579
8249
1003
-4361
2947
-96
-726
-4469
-490
-4576
-8298
-4776
8026
-3263
9993
8051
-6883
-5572
3315
5848
-3838
-8630
7829
-9643
-9311
9544
1027
2881
4767
1866
1962
-4778
8416
-5321
5303
-5025
-342
6187
1087
1303
-8908
-9066
6701
-9468
-51
2411
-2347
1946
4489
1346
1529
-65
-3364
8924
-8824
-6340
4340
6359
2876
-1597
3903
42
4745
-3454
-1199
973
-171
5279
5444
-245
1925
6292
9759
-5115
-3364
1584
1635
6303
-2898
-7527
7491
-1332
-6245
1023
-7604
763
-7936
-7132
-2901
9419
-4783
2751
2742
-3870
7520
-972
-9798
8369
-5603
-4865
-8278
-5347
7624
-636
-6933
-3442
-3946
4841
9694
-7999
-4965
6334
-5135
-3637
-641
-6334
-9095
-6885
2496
6818
-5773
-4433
7004
5201
8979
-8381
1235
-1413
6652
-4583
5492
4154
2335
-5498
-507
-8851
-5929
-8372
6415
78
-640
-2948
4435
-1926
-1770
-1074
6345
-4801
7398
7449
-5822
5825
6527
198
4854
-3591
-499
9731
1859
-804
5754
7644
-8835
2268
-4052
-5207
-6715
8366
7489
-9298
5283
-2959
-5642
-2554
1057
5750
4425
2125
-4590
7049
1076
-7768
5467
8335
739
-2597
-3471
-4123
-5022
7007
462
9340
1691
-6757
-9116
1108
-1130
8362
-748
1874
-116
5964
-5483
6809
-5407
424
8749
3521
-2093
2952
4629
-23
2455
5598
-8496
-4907
4965
8523
-768
9987
-6023
-3796
2478
5369
3286
1808
-6663
-3655
-6819
-6031
-267
-2760
6660
9320
3368
-6253
6862
-9295
4317
4912
-7834
2952
-8939
-7977
2855
12
4165
6027
7398
9940
9792
288
-7594
8832
-4224
-4898
6048
7665
3576
7847
4252
-9657
-3395
2140
8238
-2805
-3107
-8264
-7220
4919
-3979
-3072
1263
7758
9753
-8273
8197
-3771
6157
-868
-9072
4022
-8098
-9874
-7076
-8073
-2701
2152
-1255
7800
2605
-5295
-2545
4967
-2234
8483
-351
-5813
-7291
1599
5605
6838
98
-5048
6790
-358
8277
5273
1207
-1292
2684
4816
2759
6460
8630
-1949
1286
-5748
3367
-3320
-8130
2366
-7429
2469
9581
-8400
-87
5588
-9567
-9942
2800
2662
2844
2225
7894
7586
9122
-7403
-7756
3664
-559
7467
9498
-1675
-2057
-9865
1629
-4808
-326
-8548
7830
-4146
1768
926
-167
3340
-8831
7422
1960
9006
1798
-5129
-9796
3050
-8118
2768
-1788
2034
8467
9236
-1465
-7484
7683
-2340
-216
2301
5402
-7968
403
-8325
2257
-6063
766
-7497
-4123
5890
3758
7889
-8288
3041
3916
2711
9484
2757
2158
-3727
6838
-8365
-9741
-4375
-7175
5557
-6937
-6556
-8608
-9065
-8496
421
1136
555
-3389
2924
-2689
-1530
7472
2018
-3485
-6782
6353
-7883
2409
-5371
-8888
7985
740
1859
2037
2718
1950
7013
7923
9138
4347
-4769
5616
4525
-4311
7389
9284
7984
97
-7703
2004
7957
-9580
-388
7104
3226
5902
5808
8111
7596
-3787
3371
6595
-3718
5529
4331
-6321
3914
1125
-5579
-4172
3344
-771
2646
9411
662
7839
2007
7638
6699
1385
2339
-2130
6782
436
-1211
4723
4008
2490
604
-3242
545
-2008
9488
7909
-4815
-6644
4947
990
-4121
-9817
-5016
1254
6945
-4187
5101
-8663
2644
9191
-6888
-8220
9000
-4312
-8983
6930
8500
-3721
-7489
1338
-3245
6050
9853
-7286
-9267
-2810
-3956
10000
-3419
8195
-5265
9185
-786
-9658
7861
3409
-4573
2256
3656
2237
4620
-380
6867
4946
778
5411
-2075
-8960
1314
-9776
8151
-4061
691
-4792
-1777
5242
-6803
858
-5082
-2381
-1616
3181
1972
-7687
5659
-8868
-7852
7905
-9070
4621
-7218
-2661
9910
-397
6802
5225
5069
-395
8739
-31
119
8481
-9877
-3031
-1313
5700
2519
-5599
-472
8893
1088
9071
7212
8338
596
-4244
3808
-4827
6857
-5806
-5825
-2175
-2892
8792
-9219
3909
2766
4611
8206
-4983
7880
-6640
-2074
4007
1673
-6348
3212
-2963
9698
-4835
-2574
-3674
-6288
6199
-5373
8138
3746
8237
-1508
5401
-4459
9895
-3658
-2653
3622
-9048
-6068
7279
319
9217
-1784
6424
5169
-4464
2270
5838
4839
7080
-6315
1474
-5767
-1986
1865
7274
-6746
7648
5572
4258
4657
4034
7283
2266
993
-9884
1276
4785
-5426
-3221
-3050
8565
-3642
106
-1392
5715
-4642
6092
2706
8790
-1063
-5227
8190
5846
6478
5995
1535
-6539
1396
2576
8094
-9959
2378
-5001
-6988
-580
-4410
9338
-2143
-7681
4332
7211
7249
-6046
-3255
-9558
8832
-4121
4007
-4552
8323
4832
-8900
4562
-5927
9244
5585
-6541
604
-8604
-2584
4070
6507
-889
-5229
9240
-7439
-2162
8544
3166
-4933
1340
7086
-6993
2079
-7991
4358
-7112
3911
-4084
1648
-9250
2327
-1545
2269
-1699
8733
5309
-1702
-2904
-7791
8937
-9137
-9906
-1264
9221
-9418
9140
-1496
7752
-5991
5454
-2955
7252
-6041
-8985
7294
-7873
-4577
4432
1140
-1333
-2212
-8832
-8441
9888
-4585
2795
-1266
-429
-2542
3302
-4934
-3160
-9428
-7393
4490
167
-8632
-6259
7734
8085
4819
546
-4397
-1669
-9909
-9171
-5579
721
7568
6593
-3
-2535
-1005
-6673
8208
5416
7749
-6778
-6985
-3878
-852
9679
-8275
8556
-288
9338
-6100
2384
-2005
6781
6512
5118
1622
-7144
3121
-6048
7691
-1671
-8799
962
8991
-810
7923
-9684
624
6548
9649
-1620
-4217
3853
436
-3156
-5925
-3914
-7877
-9602
5437
-8926
-7475
7603
-6974
-3392
6222
-8149
5288
589
-6648
8578
-4328
-5198
-5998
6436
7926
84
-7516
-2934
-1851
3091
5384
8579
-6026
8985
-8654
5174
5145
-1185
-8106
-4128
1806
-7668
4425
7514
-473
7944
-5015
-3603
-5424
-5988
-9271
7824
7896
6879
-7946
2311
-734
3294
4420
-109
6842
-9264
-7292
3088
-1864
5728
-7420
9438
4284
5600
-4035
-4275
8208
-1130
1628
8622
8344
-6786
-4223
4844
-7702
3630
2808
-2478
5701
-6798
5030
4782
2048
-6724
-4917
438
-6294
-2579
9007
9572
4892
-9768
-8268
1313
9905
5029
6653
8164
-1772
1128
-9796
-1734
-1405
8750
5508
-50
2229
2649
5396
-2523
-9053
-1009
-6813
7199
-1966
4487
7287
1645
-5629
9869
9938
7055
-9831
5970
4808
-5329
3984
-938
-7219
7017
5487
7256
-5231
-7238
-6763
9349
-3222
-4888
9267
-1580
-1868
-5818
1585
5172
562
-7374
8412
-984
-2515
7716
2083
-2996
3428
-3350
-4643
4055
-276
984
-7867
1958
-2391
5340
795
2128
3363
-8564
-7623
7846
-5904
-4767
7514
-9901
-94
-7344
8369
-5738
-5503
-4994
5763
-8116
759
1125
-689
-4251
4114
-8998
5032
2249
-5692
2233
2947
-7941
-3936
-72
-5048
-9241
5001
-381
9040
7680
-484
-8191
-391
-9248
-6901
-3839
9145
-8176
-5542
6676
-9493
-7193
508
7662
-381
-2172
7252
-9544
5510
-5973
-8828
3900
276
4422
-8219
961
3288
4270
4247
4443
3126
4587
2452
-4409
3445
2149
-5762
-4932
-1348
8925
-4779
8259
4427
4802
-8809
504
8350
2677
1056
-1484
-5468
-322
-8248
8904
7387
2871
4563
6987
2730
5558
-4905
-1540
-8924
4699
-4133
-4233
-6878
4777
-5738
2647
-5011
5070
-2630
-6290
-9336
-3982
2705
-1357
7995
9000
5279
2224
4229
8125
-9061
-8945
2220
-8465
-3795
-5786
736
5921
679
-6117
-9892
-6671
7981
-2383
-7499
633
9218
7827
9518
-8433
-9317
240
903
3743
169
-7839
4607
38
676
-6461
-8484
-9000
-5180
-3707
-4744
-2500
-837
-7400
4309
-3397
7338
-8697
-6757
9580
2404
173
-7566
4943
-8623
4404
8270
5433
5602
8064
-9420
-1241
8995
-3039
5120
4689
-7391
7792
-2593
-8506
23
-1631
6169
8548
7210
-2301
5192
-3876
-4993
6049
6820
-761
4501
5864
1646
-8272
8635
-1812
8470
-3762
4324
-3017
-5930
-5836
-4217
-8188
-2749
-3754
-1156
5408
-3922
9988
-1914
4722
7613
-1318
-9269
8632
-3164
-5925
2290
3404
-6307
-2300
-1779
-276
-4080
2637
-3942
-9729
-2850
3229
-5332
7187
7978
-3540
-4904
-1523
-6222
-9330
903
-8314
-1700
3055
-9582
4095
796
-3658
-7675
4044
-6135
-3250
-6852
839
960
4889
1395
5198
-3332
-75
5774
-5338
-4166
3578
-6952
6082
-2443
3713
-313
2417
-3583
-2784
3858
4996
7245
4727
7972
-755
-8231
-7444
1371
718
4494
1162
1443
2878
-2652
8337
2284
-9497
7870
-9424
5443
-1292
5073
-4521
3192
7059
9438
8254
-731
5212
5120
-835
2572
-2930
4414
302
-3219
984
-3220
8801
-9188
9596
-61
6865
8787
1162
1082
3674
9354
-7660
1359
-480
6946
8649
-1267
9457
-7510
4535
3118
7004
2040
6021
828
-461
2988
-3528
8751
-5857
-7889
-7442
-7184
-7786
-7730
-6828
-7484
2116
-6003
6678
5127
4729
-1125
1690
-9527
9754
-5362
-8855
542
8568
-6340
-2815
9809
616
-9443
9205
9307
-6843
-1542
1153
-8153
6994
-905
-8355
6614
9972
-7952
8107
8232
2734
-3720
-4352
-2868
594
979
9236
-8239
-7726
4921
8603
-4775
-3770
-4986
8608
-7894
2903
-6954
6491
-5170
-2089
-1267
5442
1354
-4014
-5809
6771
2984
5261
-2257
6199
9152
1790
4671
3088
6281
-7819
8594
7721
-6280
2727
7439
-1667
-8510
9526
-9616
-9891
2272
-3802
-6165
-4643
-3392
4857
4817
-9441
2239
6335
1328
-72
5041
683
4763
1634
-122
2862
-3891
3045
7840
4325
-5972
7465
8288
2800
4691
8156
-9737
313
5419
-2700
-6214
-7584
2627
-7716
8035
5996
-6640
-1579
-584
4517
-5598
-5054
-8007
-1598
-2854
7912
-9370
-3655
-1309
728
-9411
-6563
5509
-6990
-4547
-1021
-9334
4539
3208
-6559
-3508
-3442
3270
4800
955
-4359
-9454
9459
4236
2754
-4854
6902
-4203
-7973
1399
-8885
-8997
-4387
-445
-9312
-8459
6275
6439
-381
5580
2848
-2812
-5886
3902
-2800
-5589
6885
-7040
-967
7489
-5358
2154
9319
2260
5452
-4328
-246
-8019
9988
5823
1846
-3095
2640
-5441
-442
-9304
5233
-8401
-5262
-9343
3386
-542
5291
2261
-79
-6176
-3687
4944
1312
3983
1368
-1632
-1256
76
7940
5684
-6202
-3612
7274
-1575
236
-8427
4036
7433
6764
-7304
8969
7193
-2159
-7978
-7523
308
5504
8675
3968
-4258
-3983
-5409
-3125
-4139
-2401
-2055
4931
-1031
-3534
-2048
1371
9721
5240
2168
-1236
1866
-7778
9915
-7495
7628
-1464
-6190
-3594
-2117
-8250
-2577
-4940
-7208
5259
-4148
1596
4087
-6769
4939
9915
779
7268
-7734
-6779
7123
4197
-146
-3391
5526
-2135
5318
-1202
1808
-5366
537
-8622
7716
-66
1265
-3054
9744
-497
2522
-8701
-7281
-4594
1382
-7820
1532
-4567
-6487
8485
4929
2919
-2592
-1109
7040
9395
-5071
-4684
-2688
4091
6889
-3650
6410
5074
-7652
-7462
7399
8131
-1730
3731
5257
-2028
5172
1312
3330
-2569
-4100
-8282
-2479
-8930
6946
-6133
613
1925
7463
-7819
3483
3943
-1542
-7063
-4668
-8211
-9130
-1733
916
-9208
-7082
6221
9026
3004
8565
-2124
4968
-7474
-5477
-5728
-6943
962
2803
3009
909
7723
-6838
6519
-7997
-5483
-247
-4434
2401
7701
-7972
-1231
8138
-5250
-7810
8396
-6564
-6452
2524
-1453
-9112
8240
-8402
2600
5614
-2499
-2751
3601
-8227
9452
2085
-5637
-9332
-7890
-5182
-9537
2976
-4628
-7378
1376
-5976
-1462
-7467
-6597
-6949
-3360
3575
-920
2595
7719
1728
2648
6188
-6999
-6414
229
1634
-6047
-8458
-6268
7892
-823
-5250
918
-7484
-1971
3989
390
8116
-6923
9663
1792
1065
-4106
5414
-8984
1798
-6
-1637
-2322
-2882
-3699
-7868
1515
-3335
514
5171
-275
-8146
-5245
-4870
7149
-7126
941
-6779
-2828
7962
-1574
8910
7664
-4627
4475
-8564
-4005
-6746
9503
-7833
-8719
-2688
3639
7791
8008
6812
1704
-2946
6215
9534
9355
4848
-2462
-6836
-8182
6930
2843
-828
3224
192
8743
-2561
-5033
-8722
-1593
6372
-6196
3192
6137
-1878
5703
-1736
7227
1661
2763
-7456
6821
564
4123
3283
-4197
-768
-676
-261
7727
-2221
8688
6497
8745
-638
495
-6315
-6817
1953
-5322
-2212
-3290
-4066
-872
2368
-1417
6217
-4195
-7551
-9571
-1576
-2307
-4335
1763
7126
-3798
-4480
5274
-2913
-504
-4036
-7398
3887
-6633
6306
9236
1952
6276
2163
2831
-8993
5834
2750
4766
-175
-6344
2360
6589
-3564
-9120
-1952
6488
-644
4009
621
28
-2004
4217
-5344
3238
4339
582
-3690
4387
7971
2695
9901
1463
-5498
4783
4109
-6576
9894
-1043
-9929
7175
-616
-61
-571
9464
-1083
7805
5906
-7195
2070
-853
8459
7209
-5118
4196
1054
7958
8630
-8504
-2467
5108
4458
-8232
4857
-3532
2737
4398
-7953
202
5035
-5590
1430
-7621
-7149
5380
5676
7806
9068
4034
-2063
5406
-994
285
-5712
6502
9778
793
3082
-5375
5616
-1918
3239
-9228
-2030
-5913
8324
-8407
-479
-4684
94
-6155
-4902
-9211
1956
-7812
5377
-8377
-8381
-8035
8583
-7600
2267
-1714
-692
9559
6156
-4788
430
-8228
845
8323
1807
-5089
-1417
5767
-2349
-3268
-3901
8734
6512
-5767
495
-6984
-1024
-796
1703
3759
3433
-3221
-2494
6247
-1574
1767
9425
-4802
138
-719
2636
2379
3982
7750
1813
1328
6054
9241
-8733
-3576
-362
8218
8055
-1260
1725
2361
1651
-9910
-1629
-1644
-1116
1279
-9396
-9486
-1134
-3360
-3205
1988
6192
-8357
9682
1271
-6493
9531
-664
-3658
-1109
-334
7042
6786
-2137
4821
-2821
944
-5301
7176
3407
7641
-1028
-5724
-6622
2885
5510
5541
7695
4526
3617
9411
-9472
150
5550
-2811
-5614
-7141
2743
6522
-7660
-652
-8339
-4460
9400
1595
-1580
9613
-4589
483
2752
6551
2647
9911
-8233
377
4293
5660
9140
5268
4334
-9751
-47
92
-2549
-5640
-1136
1087
-5841
2865
4063
-9023
-6935
-5964
3284
-8745
5788
-3767
-560
1819
-2887
5376
-3809
5881
6711
-8059
3347
-2912
-1016
935
-7333
-2578
7040
-6208
-8946
3587
-4355
-1976
5542
6304
5908
-4670
3975
-5575
-4678
2732
1705
6437
-2729
-7033
7012
6809
370
4247
-3319
5417
-6011
4249
-3985
-6727
-1230
-7748
5230
-5043
-1123
6692
-58
-6682
3511
4082
7979
8836
4181
7846
1020
100
-7473
1020
2963
-9247
-2132
-9171
837
3820
-618
-9004
6835
-181
1469
1562
7142
-4704
3792
-442
8409
-7182
-365
856
4398
8718
1476
6163
5283
-6793
6981
-2273
-4795
-7397
115
-1404
7713
1331
3290
-2256
9981
2845
9780
801
2172
-4594
7018
5667
8697
487
-8296
8527
-1709
-8398
6980
5392
24
1707
-9756
8471
-903
-6885
886
3733
5778
1202
-6025
3683
-373
-1583
6315
8428
-3898
-2936
-2747
2115
7828
-4427
4071
4859
-6249
-9140
529
5995
6266
8716
-6767
-8108
271
-6092
-3986
-6195
7736
8429
-5470
9029
7700
-2430
-4069
3467
-468
7154
2972
-3409
-2489
4266
720
6204
3663
-5949
-1437
2109
-9841
-4579
8757
-3101
2214
7338
667
-1264
-6866
9600
-5928
7642
-738
-336
4411
-1106
7519
-442
-1415
5344
7051
-5760
-1469
-2972
-666
9284
-4317
2270
-3516
7024
-4623
9238
-944
-4840
-182
8467
8004
-5917
1778
1095
4129
2837
-5107
-538
-6748
-4552
-1016
688
8202
-835
-6486
-2559
3481
1566
-6456
-5391
8154
-7868
7300
6973
3350
5115
3252
-3900
-7777
-2093
-1271
6519
-909
-6276
998
-4325
-5478
3695
7427
-4612
7012
8136
1554
-8362
3163
775
-295
5080
-7724
6450
5058
-2242
-5998
6613
2710
-6446
8283
2756
9052
-689
-8413
-2088
-663
1291
5433
-2534
-2254
-1510
8903
-7493
29
-3476
704
-2877
9943
-9067
1571
-7099
5321
1116
4643
60
9138
-2988
-2450
-9092
-1588
-3952
-2464
-2721
713
-6445
-3319
-6950
-7174
-5280
5861
4791
4137
2834
7820
9238
-5825
-4227
-8560
7790
5644
495
-5214
5555
6995
-347
1166
-187
-742
8002
209
3758
8755
2032
3117
5016
-1635
7067
-8721
9199
4767
7270
4047
1334
-5912
3161
-9809
432
5558
-6916
9762
1765
-341
8850
3959
-6940
-8093
8544
9392
-7302
8804
-8077
-8579
7943
-415
-9449
-2695
5064
1956
1835
-6237
9727
-8333
8076
2389
6648
-8468
7837
4600
3203
4701
8244
8296
-9860
3687
-7720
-5208
3851
8379
5872
-7908
-7981
4185
2030
3880
4488
-2742
-9028
7734
3816
-8159
-4382
-8077
4773
-7879
-9718
4938
4702
-5496
7818
-9048
4929
8881
-2920
726
8572
-80
-9293
-2469
-3768
4521
-271
-203
-4019
3064
6482
-7453
-9368
-4674
-949
1826
-7095
8536
-6280
9624
4069
5263
2924
-2999
-5107
-8251
-6962
5053
-2549
-6366
7390
3889
-6512
-252
-3280
670
1663
-6703
5208
4052
-1937
1226
-9267
-4975
7218
-1246
2087
-503
-9898
-1258
9774
588
3464
2319
5331
4301
4976
2061
2313
9815
-2985
-2701
5384
1895
1838
-2856
-938
-9610
-2929
-6843
5567
-3433
-9814
752
1755
8886
8463
-9150
-4686
847
3919
2774
-3901
-9428
-3917
-9555
-415
4005
-1264
5881
-9217
-421
-4252
-9366
1658
-3911
-3337
8324
-5283
-1109
-5817
2363
7694
7862
-2599
3871
5074
1152
168
-9209
5645
9481
-3759
6362
5520
7294
-3742
-1988
346
578
3627
-2957
5612
-8067
-2442
3302
820
2194
-2992
-9459
3811
-739
2064
-4088
9327
-9271
5466
6307
-5152
4087
6670
-3675
-8721
4276
5414
927
8365
8373
8006
-6252
2013
2269
750
-7302
-7182
9092
-8784
-4636
1580
-2083
-3399
9394
-8663
-9539
-3836
-586
-964
-4725
-4309
2407
-4999
-3764
190
635
-8653
4879
-6732
9542
-4214
2694
4076
130
7066
-8736
-6823
9436
8002
-3066
2548
-6382
-1994
-8318
8132
6896
6938
-4688
-9230
2220
5161
9612
3536
-6000
-4736
-7131
6254
-4361
-9191
9918
-5294
-2801
-9124
-6074
-1282
-2101
-8749
5833
-6419
-974
-8768
-6619
8673
6616
8900
7775
-7325
-1203
-5032
-3189
2945
-3722
8423
7922
6040
6308
9955
-9039
3173
3355
2581
-6503
-870
778
602
6820
-4103
1881
-2432
8970
-7012
-4856
2707
9958
-3605
2109
-3232
-6615
5884
-9157
-5586
-1824
-1387
-4538
-637
-7296
-8201
3481
7532
-8904
-591
-1858
-7112
9774
-5680
-4390
-8154
-421
-4553
-5929
-2104
-2179
-979
-8537
-1145
-6329
5718
-8253
4154
-5349
-1397
-1610
9299
-1619
9207
8334
1550
7487
4943
-522
-1703
-7351
4976
-3722
-507
-9761
-4545
7992
9878
7244
9396
4858
-5175
-2884
-6631
-4322
2004
1194
5017
-7446
750
-7092
9934
-1214
9027
-170
-5513
-2985
-8691
-4776
-4191
-7185
3873
-311
-5507
6728
-7935
7699
8847
4683
3870
3593
-8898
928
80
-7017
-2050
8926
6219
-6716
-6653
6413
9096
2497
6806
-8618
9891
-311
-8450
-2758
-2153
-1054
6139
-6638
5898
-1262
-3146
-896
-4598
192
-781
-8952
-6587
1636
7435
-2974
2168
-2064
-3852
-9960
5405
9523
-1907
-3363
-9814
-4525
-6835
-325
5914
-8326
6041
-2358
-2492
-3009
9117
2711
-7523
-2294
1836
1388
-4952
6177
2563
1786
-4735
-4487
5635
6390
2145
5914
438
4059
-3361
-865
5491
1607
3835
-3007
-4077
8007
7283
9011
6357
9844
-5034
-5948
-4557
3494
7999
1396
-997
6440
-9660
-1100
2060
-5793
3444
3489
3616
-1914
-2440
3769
5849
-1104
-9142
7579
-6448
6401
1271
-560
-3827
-5987
-3424
7286
7476
7854
6087
9757
-5939
-8624
2968
-776
-1471
8050
7974
-6164
6586
5320
-1421
-4946
-6871
-929
5997
8359
4600
943
-7527
8320
4828
8929
6075
9453
-2785
9441
-7046
5050
9244
8240
-4337
-5796
6663
-1701
-4559
-9210
1312
8396
-6928
-1959
-5839
1841
-7187
2758
374
2201
5296
-1756
-7220
8545
-3838
-1762
-5989
-5416
-3410
298
-8878
-3838
7976
7669
6693
34
9926
4644
6542
4907
-9294
4232
-2441
-3540
-7162
-3372
-7374
-1156
-6934
-9210
-6221
3282
-1276
6369
2530
8494
5763
-4975
-8777
-2824
5873
4610
-7666
-8425
-3170
-1337
-8596
7311
592
6986
-5260
-5879
5508
-5110
-3766
-3607
9284
3327
9418
5563
8740
5668
-6252
-3638
8824
4223
6388
5516
-7014
9902
-7983
5159
-7773
2395
-8841
8341
1741
3897
3419
-3041
3706
-1517
-2364
2196
-9483
3292
-7386
8680
-1316
8858
9352
3102
-299
-3739
-6119
-8747
-1591
-27
411
8391
1135
-8588
7931
4089
-6086
-3666
-9827
-7826
-8348
-8480
2471
6607
-9543
5934
-4480
1193
-7815
-3940
-5844
6704
719
-1995
321
-8777
4275
-7268
5202
-9300
-3628
7066
-5254
5801
-5681
-170
-6879
-4164
-1304
-1054
4632
-8172
989
-3173
-6716
4383
6056
-2923
4401
9098
5978
5992
-9019
-7464
-8017
-3822
-1601
-3266
-8442
-9361
-3498
-4963
3530
1982
-4945
6137
3287
-3516
-3548
6122
2455
2387
-7244
-6595
-6310
-9135
-5111
-9458
1639
-3089
8292
1849
-4271
3528
2095
1128
-3454
5992
9599
1145
-1662
1267
-9846
6251
-4165
-4615
7940
-6829
8310
1759
-3772
5168
9342
-3091
2407
5875
-5755
-3317
769
-7683
-4708
-4197
3446
6702
-6456
-1705
-2365
2089
-3367
5555
3151
-4466
3539
7621
3328
3737
1947
-7468
-3795
2554
-5476
-6597
8876
7815
335
1453
474
8271
-7386
-7966
-7049
1179
9625
7724
-3555
-8912
5342
5246
-1318
-2039
6495
24
-2588
-2247
-9816
-8041
-1928
7185
-6330
2774
8732
-3826
-9182
4611
-1725
-1532
9642
-7258
7267
1504
5094
8875
-1066
-3710
-5042
-8055
-8793
-6626
-5852
-6245
3394
7261
-5465
-4576
3266
-6378
3666
1057
-7402
-5084
-6194
-9727
1285
-9133
8617
-3072
4591
-6904
1720
3957
3654
3722
-9700
8457
-9512
1335
3106
-9259
4288
-5182
3145
4738
7548
-6920
5375
1795
2600
-5477
4163
-7132
6552
-9670
500
7729
-9647
-4639
-3285
7638
-946
9029
2614
-9227
-6969
-2881
-1419
-622
-2061
4608
-8334
-3223
3910
-5217
9252
5004
4660
-9664
5298
98
6937
-1892
-8040
2267
7455
-5766
-1253
1198
-697
-5413
-6955
-6614
8146
6510
-2578
-7315
-5235
-5026
-3693
4786
-520
4254
-417
4437
-1614
8311
4453
7404
-9698
6490
5126
-8892
7804
8401
3552
-5434
2721
8524
2238
4960
5144
1673
-1796
8738
1189
7296
-2535
5561
6366
665
-4712
-9139
-530
9796
-8178
9546
-2202
5599
-6385
74
6869
-8272
6653
-903
-1729
-6147
-737
9115
-4192
5255
9068
1238
1031
1346
-6272
-359
6581
-3082
-1551
-6591
7967
552
-9414
6657
6746
1959
5562
-1380
-6982
-8671
-3977
-5033
623
-2404
-1007
-4958
4036
-729
-3144
-8952
-5688
-8646
3535
451
-5814
-8553
-1275
2073
994
6900
3970
5809
-5592
5083
-510
-2999
-5484
5853
8194
2594
-358
4630
-4929
7261
7299
3233
-1108
6293
1027
6794
-3243
-8708
8152
-3722
9178
1111
-816
-9386
-1093
9090
8023
105
-3070
2916
3529
-5579
-9226
9913
7841
-6048
-8681
-756
7083
-7339
-6163
-4481
7232
-8109
5209
-7658
-3511
6323
-5216
-6339
6219
-2752
-9196
2955
1551
-1631
4468
-2906
3083
-6947
-1388
2570
9308
646
6655
-86
-5739
5822
-5293
-4925
2208
776
-262
4226
8423
-4278
-6465
-9005
-6132
-3677
1772
-7716
2694
-6529
-2448
4223
8450
-3745
2652
-1161
8146
4614
-214
-9749
-609
5286
2572
3386
-8311
2839
9869
-7051
-7714
3070
-6904
2564
132
-3197
-2101
-1304
5344
4384
-1746
1474
6177
-4441
-9767
-2677
6049
-667
-2446
-6540
-853
-8768
2260
-6223
-7521
-4202
1163
-8322
-554
-1471
4433
-5935
2506
-7606
562
691
2012
-5435
-9762
-5458
-8696
8379
9798
2686
-1337
-6260
-6125
-9119
-4122
9787
6335
-2945
7647
-278
-9959
2285
8505
-449
904
24
-946
1993
4635
1827
-4095
10
-429
8913
-4274
1019
6025
-1515
-2167
-3636
9562
6524
8896
4742
-5974
-9706
-4767
-4260
448
-9606
8595
-9505
5667
-5196
4342
-407
-5060
-6829
4931
6654
2080
8649
-6775
-6568
-7160
3283
3251
-7724
2013
-9969
4766
-9525
7454
7161
0
5776
-7506
289
-1055
1441
6076
2982
2485
7821
-9748
-4748
9981
5483
-7348
3031
6009
-4835
-4656
-6186
-6521
4891
-1102
2712
6914
-7317
2045
-4079
1883
9721
-7119
5018
2687
1592
-32
7020
3381
1748
-3768
4086
-1793
-6400
1238
5361
9228
150
8094
2443
-9873
2277
2961
-3010
7075
-3964
2273
5575
2895
3901
9058
6372
297
2640
8363
7886
-4636
4092
-8035
4028
5198
7938
8287
-7282
-5628
-708
6722
6350
7210
1675
-2956
-1880
7845
-7952
4552
7524
-4017
-669
-8165
4467
-2481
5339
-6510
-4167
-8605
5285
5537
5161
-8894
-8708
-8779
6155
-4122
-2955
-7115
8364
3233
-5229
509
2850
1016
1906
-7791
4897
7943
7697
7677
-5949
2382
-1917
5003
7375
-5466
-9459
-7357
-4231
-6289
-3895
8844
6265
8341
-6440
-9343
7073
-2862
5619
-853
-2771
-8174
7750
117
-3460
3893
5790
-3181
8012
-2234
8955
-1588
-7299
-7239
847
4401
-962
6528
-7016
-9754
520
5926
9040
-2941
1677
7798
5643
-7151
6869
7015
-5894
-3892
80
-2321
-2729
-5206
-5800
5405
9165
5022
8068
-5514
-2032
-797
-5835
-4589
219
2212
-1008
-9054
-7667
-2648
-5276
-3493
8764
-1966
398
-5675
-7545
9779
947
6529
-2785
3047
-1925
-5228
9392
-2263
-175
-1885
3835
-4705
9148
8853
9822
7959
6845
9208
1147
9526
9119
6160
-1110
2605
1159
284
-7805
8127
6623
8815
5300
-8031
-8685
-2155
5588
-4743
-5093
-712
4332
2312
-3258
9018
9171
-1000
-6452
-7828
3370
3240
9780
-7449
-4804
8344
4260
7997
927
-8989
-1526
6927
3094
4853
-3386
9022
-1041
8654
882
1966
-932
5454
-1924
7840
-4149
7694
8705
9725
5001
6725
-9511
-2647
-9098
-9182
-315
-7879
-8118
2214
-5167
-1811
-960
8008
7277
-8387
3256
-5333
8680
6037
9075
-9958
-2046
-266
9294
-6276
-3497
3716
-5549
-8197
5899
3277
-993
9472
-8867
7888
5334
136
-1208
-5758
8388
9279
5600
-7084
1407
-3459
5379
-4598
709
-3810
-9873
-9195
1890
1647
3395
-1888
2028
3136
-8923
8310
-4484
-1114
-463
1422
1659
-3294
9182
-2395
5022
1191
-3784
-715
9601
-306
-8987
-3428
-2359
-811
6185
-4614
3095
-5983
-5525
2961
2430
841
2767
-5510
-6722
-2098
-1060
-5991
-566
4863
-7492
2197
-2483
2987
474
4243
4080
-7548
4751
-8022
3374
-9414
400
-5074
-4773
8513
596
7143
1415
-6559
-3216
-5137
-2771
-9770
9329
-4835
8654
4649
-9149
5719
-7619
-6104
-9728
-8326
-7168
745
-2368
-666
3616
-1709
1697
-1190
-3515
-5466
6100
7655
1585
-1257
3396
-3355
7846
7698
-384
8676
6298
7584
-2012
1410
-2898
7286
1192
5059
2170
1310
-8595
93
9228
-5780
7886
-5251
-617
8135
4307
-605
-8895
-4941
-7248
-7450
-6321
-7706
6887
-8468
-9202
212
-2541
5418
-5197
3211
-5987
2715
8685
7875
-3242
4596
565
6856
-3689
-527
136
4271
6712
7624
7056
-8545
4656
-702
506
3290
-6750
1613
-3328
-2757
-5739
544
875
-7695
-4111
-8490
-1764
-7447
-7762
9466
890
-4103
-4724
7980
-4379
-1416
-6304
-4148
-3978
2338
-5105
8194
9531
-1221
8737
-3595
-9144
-5875
8637
6712
448
-4240
658
-4364
-3961
7213
3799
-9592
-3382
4984
8627
5472
-2514
3330
-4500
8896
4317
-638
4710
-8944
-3926
5562
6063
9737
-6872
-236
-9500
-9853
-1846
-6054
16
2704
5846
-8302
466
-65
-6071
808
4489
7401
4656
6538
-2912
4244
626
1461
778
2675
5565
7664
-7331
-7330
-6394
7293
5830
-2282
4163
8019
-3325
8029
757
954
9414
-4018
3913
9211
-3970
490
-6287
9041
7758
-487
918
6858
-2324
-7755
-2310
-4360
-8137
-7247
6168
1496
6060
1247
-7268
-2407
-9318
-4522
9768
3541
-7019
7198
-7596
-9282
-2561
-9805
1005
-6259
1116
-1333
511
-4031
5927
-5733
3461
-4946
-4416
-8137
1836
9089
9232
-4191
-5581
-1692
-676
-381
-6903
-2193
7750
-2804
-3073
-3271
2365
6114
-2672
-6654
3085
-3639
9905
-3416
125
2122
-4533
-9939
-7793
-7156
3049
5994
6113
-4706
-8145
9078
-3432
7771
3885
8768
2065
1447
-6977
3960
-1340
2570
9533
-1477
7111
1170
-8330
3199
-2264
5442
6939
6567
8877
-992
-8601
-4984
5606
1994
607
-2479
-4158
-8129
2376
-1378
8372
25
-5439
3040
-2240
8685
9904
5750
2118
-6045
-3382
6727
9063
6578
-2102
361
4500
8062
5283
7789
-1603
-877
5920
2750
-9266
-2417
5785
3018
-8274
-9212
-6259
-8033
-598
1002
2035
-1881
8296
4572
7576
-8768
-8724
1072
3731
6192
3532
-9333
-9447
6020
-2983
1157
8802
-4420
-5746
-1956
2389
958
-5894
-4307
-8675
-8231
-719
-3500
-4243
2479
-7298
-3193
3828
-1879
-9031
606
4623
-4158
851
-8003
7897
-6070
2558
-5812
8082
-3283
-2806
8199
-5791
7693
3807
3270
-918
-6824
-8863
5316
-3514
-1793
-1758
-8536
2064
-68
-9490
-2670
-2463
-6841
-1065
-8170
4095
2410
8383
8034
-1514
-7548
6659
6147
-1350
-275
-8736
8164
1036
55
-5681
-2791
1159
2457
-8815
-2845
-8079
-6408
2724
2701
9874
-3195
-1275
8318
2583
649
-4536
4732
8501
2972
7119
-6255
4663
9769
4739
9425
4786
-4136
8336
-4285
-6676
-1834
-8410
4271
2483
8298
-705
-7126
-623
5250
3695
-2169
-9278
-6698
3997
9507
4535
7363
3150
-1550
2260
2902
-6873
3000
-7046
-3758
-2496
-3616
3228
4048
5421
-4264
-1025
-6768
-9801
5028
-4275
8783
-1395
3597
-8573
-4043
5709
427
-1910
-4962
3447
399
7682
-9787
4766
9512
-186
2829
-2828
4438
9957
7263
-6626
2776
-3234
-2110
-1069
8410
1464
-6688
-3703
-8394
5066
-5699
5212
9067
-8085
-958
6390
5196
6419
5947
-1911
7046
7236
3605
-2889
9744
5127
-4686
394
4519
-9976
-5778
-4984
-1402
7901
5616
-2716
-2880
-550
8596
-2274
9080
6826
-4464
534
3992
5606
-944
-8637
2398
-1028
4414
6687
611
-18
-9950
-3323
8752
-5859
4178
-7142
6655
-4487
481
726
-1709
1437
6807
-2962
-6768
-2113
-698
-7905
461
140
6568
332
-3816
-1516
1255
5260
-6003
539
4537
341
591
-4099
-6696
-4006
-5822
6527
6450
5334
-3091
-2735
5894
-2170
3305
3910
-9312
-3301
-4202
-3319
-8625
5079
7474
9658
-8600
-6369
-2181
5040
-9733
-1771
7601
9122
4403
9201
-9785
1886
-382
-5713
-9986
-2955
-97
8864
-7070
226
6560
-6507
-9974
2360
-1281
629
6751
3945
2900
-4069
8904
-2806
-8059
-5995
-5727
7953
-7867
2723
6242
-6631
1464
8855
8004
-6280
3488
-342
-8725
-2945
4016
-2378
-3612
-8755
9242
-8268
-4162
-443
-151
1138
6318
-3058
-1314
7072
7872
-4345
883
5298
-832
8195
-4113
-1467
-5503
2813
7382
8448
1420
-7671
2411
5163
3835
1175
-7211
-6466
76
210
-4923
-6834
-6194
-7751
9707
-2283
-6087
8245
-5677
9222
-818
-2210
-1315
-6010
-2918
-5216
-2526
8149
-3598
-6280
9503
-7314
-8513
-6649
-7991
