37666
87666
99184
79354
892
78014
31156
73598
85949
62229
92958
58265
23012
93610
39260
13223
43042
68589
24036
71517
23047
73861
73999
18048
54313
14334
35264
52857
68267
88302
84709
84901
67664
76375
579
21032
88716
43806
72732
45026
18040
94101
72812
19806
75158
356
65390
11783
65309
97745
44244
8007
5647
24573
12008
56294
76075
86406
611
63904
76869
59420
47420
31097
50546
18247
71716
25443
13931
35069
8518
81874
71930
12343
84598
79484
53291
90872
84705
27948
42158
12572
67799
33026
27322
43211
9897
7311
87619
31136
24185
68390
8430
82626
31627
21826
38986
66497
73137
25584
59472
59175
71874
70637
69584
22346
76834
2515
56686
68982
53860
82924
73846
8067
50874
11817
44140
88034
12226
26237
99781
66771
31946
93249
91681
72513
80457
84542
89823
86220
70704
2202
90724
1698
47268
16526
64818
89842
33849
53731
81887
81755
91632
17854
10881
92706
61684
18731
56060
42728
49678
2274
89324
37781
98061
28196
8498
50695
60587
34418
55187
15170
1955
9216
11314
77537
14947
95654
70778
97893
16421
24129
40420
91053
92843
2207
44122
82510
41832
30547
11252
73915
3118
84577
75278
47292
35800
23522
89178
68188
43557
86368
28433
58202
91709
55119
51841
32284
69093
64662
29970
64649
14975
62624
59526
1267
41465
18970
94792
70456
20679
62575
74603
82883
43606
9064
72466
6690
32046
87365
62782
83087
94992
51458
94307
40403
72173
83285
20877
22822
38354
11249
23886
15841
82982
11236
30415
78360
26179
53545
12218
38961
37541
61047
65188
60977
43286
60094
553
17881
77656
94523
22105
65992
74749
41481
70688
6750
26563
57023
80454
41788
33031
44931
28433
10549
99344
28226
353
78303
79548
40305
47733
80080
93463
32265
59250
79650
60327
24045
62754
47308
96662
51630
37881
52473
22766
32678
74705
26214
18377
24078
48153
82265
75580
6277
33089
60148
20064
78548
65296
3739
53988
64493
56088
49286
666
76490
89306
59419
88782
7547
45323
44452
45696
98383
65585
99340
98824
39774
50469
59083
18202
49876
44261
67802
69416
26814
16186
17427
25264
51964
76380
60743
10759
51592
57318
25395
96630
11543
21422
97212
71333
55785
72555
27482
76617
54607
2122
71672
70559
76978
75618
62808
47281
299
95436
3452
56406
15743
72411
19119
70144
61773
67870
28689
99276
67152
97424
14640
93731
59055
24196
68045
71976
54711
59383
42425
46815
2940
78587
1969
24526
26189
99499
76885
53920
11848
12349
9278
25240
68064
77097
86938
91799
11404
11591
26739
23338
79561
85001
40947
2807
87271
23469
4815
37673
43340
88053
1312
86588
71145
92611
29483
98725
65820
97596
64939
40524
99064
21153
6694
63466
8656
32114
42250
4582
47635
26282
80807
22394
86777
24739
23303
94363
81829
10255
65951
30254
38776
29994
14688
64637
98203
4486
77373
86736
79371
96531
26178
35578
10132
49651
30819
7753
18379
41032
70257
1205
42197
70774
79153
64908
96122
21845
3581
48749
50307
81780
78222
41213
52324
5960
68656
97263
572
33
4825
10252
63716
84253
7835
38181
22181
74240
69245
27264
24682
47599
95321
78491
39056
74107
18973
23581
26445
25177
21258
60116
38694
86429
95355
62143
92536
35043
56013
35617
2012
45309
56337
7607
79871
49552
21407
30979
49694
5930
17817
96090
38528
87720
12189
20101
70736
64795
29830
80893
13995
33757
41897
94115
23093
45954
16982
5129
9256
19241
63404
4590
3254
31704
45078
82101
59170
34769
76438
86932
6025
1845
43543
50439
25222
2045
5954
37237
90974
49068
14811
38376
48045
34429
6950
57922
43915
75775
62390
95573
1725
47342
67332
88921
93508
26747
7874
56330
4149
50961
41496
75260
50769
67266
29815
8089
69348
55427
69220
71988
61267
65858
35765
2414
59803
51849
23300
26489
23958
6258
46919
82722
35710
51978
94257
71884
51147
46890
84698
95437
85949
3948
12850
14336
54163
83111
34653
24734
54654
83075
48701
23343
98376
68313
44061
73991
47858
110
14134
84918
7901
59985
44050
47147
81740
33112
68008
25958
8164
69493
67851
80325
93548
90402
53589
42505
37618
76293
44461
91839
26334
64442
42778
15909
57818
81250
35266
70020
3425
69726
84749
38477
70886
15164
72310
71337
537
37493
34174
42231
84922
82413
89950
22762
86350
58494
7522
65096
14499
29700
21707
33006
51951
17101
48973
82611
51586
85427
48365
52067
66077
49188
21353
82093
70897
94847
29574
35896
43225
42773
87025
39578
39054
13388
58255
72697
61876
79375
18637
55489
45316
36820
43050
34958
91312
51670
93738
48630
32711
43441
50564
5585
53347
69010
54589
59266
28545
192
16254
6638
87111
19717
97148
83291
70116
47837
48742
55261
9868
81104
668
58359
6706
55838
51895
48231
41811
95385
65151
91298
38318
27640
92025
15086
66523
45561
25176
19408
21070
81512
31329
78747
91314
55760
11427
62821
29933
87686
22304
59192
23188
29620
14227
44915
44977
63879
48727
58310
97558
99845
70148
42978
51527
10188
72390
63466
74709
46373
32479
26771
43370
71081
13048
10818
18996
58526
77978
88510
6449
61724
29862
43132
93225
1440
92116
43836
11921
28043
62261
43234
28832
27987
3374
39563
66368
23494
40956
11557
1198
8255
50842
40050
52747
93958
34171
81529
31359
74783
91205
75016
31700
68382
22904
77089
28228
97816
50131
30103
48470
37658
12353
40810
81660
22894
93517
35746
23261
68079
87515
38586
9055
7672
22596
76185
3554
83257
37718
36233
10763
91634
57409
93110
79983
68536
51418
75933
4042
78527
16588
6219
61574
88641
17376
7446
65002
99425
4275
93548
13916
3868
86287
78876
64945
65746
83748
94527
79999
28360
31426
43610
42826
54098
50061
55905
6371
12675
14751
51777
51570
69823
62621
39355
49205
44017
5360
10853
79327
51981
2180
73848
14091
3951
94358
1458
73732
2539
19004
94395
11981
42901
60602
44514
79732
99103
44292
23621
76342
31132
73129
20822
36533
43342
78362
94497
28001
78057
56972
59838
1973
30145
77210
489
69444
27251
22047
45944
76064
7466
15301
41575
38115
98699
71279
53874
69105
1307
29364
34925
86399
91747
54130
80305
35226
84801
19909
98864
23170
85880
4326
23236
57110
44668
28567
99920
24847
14973
91172
37443
18693
78404
84286
25144
37647
11597
13178
86904
62576
71387
98202
3037
87591
5105
27565
26884
9553
60049
15639
31063
31823
85302
11744
79171
40583
59590
53869
21334
7940
76490
42566
16399
72079
38222
48456
59110
77732
8542
62911
99676
77823
30207
60256
28409
79916
53955
70570
58910
25713
80160
65839
74509
44012
74795
46275
71063
11622
74688
96052
1764
64340
38928
32912
22415
28135
41696
65489
50254
25322
64611
33710
8980
3314
79268
75395
16607
87451
96361
88221
12427
62376
40577
61618
46255
52946
16016
78585
76720
37340
1570
1716
33841
77062
38498
71683
41273
95030
90873
20609
90337
48407
18933
96586
67509
6078
65878
55525
39912
81213
41380
63207
64208
49400
26452
56634
5354
18021
21935
51060
68504
86446
26771
28645
89524
39850
2857
87509
53685
99641
96979
50464
33494
34767
33874
72835
56023
20623
93830
30769
39271
47082
82221
40541
64488
50315
20909
19512
46594
29568
34129
37149
16871
75414
38819
71262
24186
49328
26245
36560
38715
24917
2906
14525
18210
58045
26457
11846
75742
67623
42128
61905
32658
68564
3007
52705
66918
38301
32569
9602
52743
16176
95869
36583
5339
14223
33272
63354
16759
32916
89957
13508
22468
70753
67029
85578
18026
31106
3426
59544
65301
55367
15158
34600
91257
19968
90003
29545
17096
71361
80590
22213
37539
28721
56705
23077
49625
35539
76334
56947
30327
87530
80859
60622
3634
31894
22834
96373
15041
21645
59740
9784
93135
59274
30060
73147
18654
51177
68176
98378
74470
98084
55586
44259
69510
18174
80160
67106
42475
1728
23843
36443
26626
59177
9247
7344
49272
41779
346
21844
59821
61590
12636
16599
89651
26970
41715
57573
1277
59983
26043
6821
59078
89201
70976
76721
72474
67382
65378
3565
19640
74073
98605
66972
57921
49884
98291
36604
76677
88233
63389
72610
74705
27719
34423
80808
12535
12807
44928
3761
51086
32000
40433
61142
15524
95238
7587
70162
70524
42793
38158
27195
87904
54515
95001
75477
72366
98675
95947
72104
25995
8130
59250
6535
52534
13494
48842
78153
34363
86935
56272
25682
90605
55109
18389
79298
20022
21950
89280
92565
5020
42984
61011
71838
39447
14063
94821
37311
42639
1990
15027
49211
95986
45640
82061
87729
49465
1361
39843
3587
9511
7868
9767
56683
68120
11018
98344
43123
29961
4164
24216
35313
18866
71948
24753
66211
40759
27639
57795
34779
62345
85349
6212
17861
927
40978
2865
52158
28937
66911
24781
44235
12688
37666
91360
19759
74200
21998
91215
53720
28054
53400
62993
75570
96200
58259
71442
5102
83043
25969
3989
43749
99850
66716
14680
53027
46086
30141
40043
91774
78896
58685
11683
92672
73455
42621
46313
59097
84940
61411
34628
39782
1430
71377
58784
61109
57006
97624
33610
80310
80277
52813
77834
54671
40775
90729
33600
72035
10052
81359
92715
67790
33745
38545
78759
16273
85854
40033
19266
8549
28781
51138
82551
39330
19050
17332
47761
58565
9409
78725
52048
42472
85490
57098
81899
174
14121
69385
44507
51010
92762
74154
6503
34828
11217
961
38417
35983
82106
33342
38894
10014
79601
4438
68443
81703
20395
94460
68035
77286
38221
14837
24743
76109
7437
33320
69826
88022
84283
83276
47443
37078
33271
52297
48892
75938
82209
38178
47903
40345
27369
85562
31076
68687
31881
95726
8321
38500
30750
46999
40242
72684
57525
20202
34225
5443
66037
7524
26291
34192
69235
40466
12677
6755
53874
89668
65632
65622
25968
25594
29709
93092
42188
61470
2002
51637
6576
41152
30733
9949
63978
41032
36908
30839
91993
77324
86506
47886
80323
52901
37822
87450
915
38965
63397
14503
99363
95555
29652
73583
63911
64594
60898
60139
38651
26190
35636
29415
78045
57156
38608
97003
54722
4894
68755
7238
66027
36664
96097
93670
34744
39550
27664
70212
84106
36679
25198
39628
23978
6673
43511
30754
34568
53360
66691
68686
17344
44795
88651
75089
67994
38348
99014
95421
57715
62263
54570
22023
49526
18832
50983
15099
70859
84817
53315
56478
82324
9814
50700
21008
15125
63303
24501
93652
87631
76373
98717
19805
99530
46103
4008
39874
4700
33812
7902
64362
54343
32511
15242
82731
7981
85702
50442
66724
37294
47670
48647
3152
4470
70989
87620
55674
86291
13370
35937
13504
26165
85211
25269
47750
21337
72539
62394
39722
70513
70946
72187
29988
81837
41961
93667
90315
19119
66072
99232
68357
24505
50980
79298
1466
39908
70232
82567
61306
46323
36428
50133
65286
86920
91896
39975
75748
36310
66788
74530
12159
34441
73487
17293
14634
71471
18673
99049
24951
23304
54698
91472
77754
2312
82083
49300
9090
49645
59229
46124
86912
85789
48828
20563
73352
99756
26489
36184
33998
41801
87816
7207
19367
10387
18870
37545
65841
807
15289
62654
43347
53341
83969
28524
20692
26645
15095
70460
63230
11843
42213
71239
36943
89581
45792
18422
42701
57875
18652
39926
71411
87391
82826
29404
42152
11822
88619
90976
45433
50382
26530
21754
38269
46642
1869
12079
12997
20279
3261
9931
20701
49896
49071
83435
68610
88981
86245
9812
45290
37083
42801
36579
90243
50547
84869
17790
15143
60642
81584
25698
16989
75404
8243
21991
77584
22239
63153
40607
18067
64248
69162
45213
31933
59430
55083
991
86920
18869
49514
89439
79404
35363
3579
5645
25667
85724
29474
52956
88898
83367
19601
83162
42122
93337
8141
10576
17766
41867
39487
3232
62785
47405
87579
61761
45023
26260
95396
85077
53482
22066
84636
91793
11758
39733
49936
17658
78498
80312
16714
80071
34750
39534
66450
57019
43441
79451
50744
79521
50987
84473
43755
59939
18079
18113
84835
88538
31891
91851
38227
16714
79449
78843
80933
90280
71642
83026
55263
94563
99323
51035
15681
35326
83993
42347
36183
2837
47815
39875
3875
99385
49854
36247
18669
64630
5650
58219
85867
30368
3792
19044
80266
31351
72462
94947
97790
39601
31814
15145
93007
94685
95912
1340
55757
37162
96686
85682
74005
6360
14736
1090
15969
45697
33923
63196
3787
81847
5893
55677
88193
32582
45459
35311
89726
63059
6875
16522
64213
42067
58505
42864
8526
87195
74539
20334
652
36513
16347
56798
94745
79830
99783
16429
6291
78044
31499
88795
8987
41422
23588
49691
28147
92081
2163
9203
97020
7775
86320
72759
56393
32291
15317
20943
94918
56541
94445
56520
46100
45018
42343
87683
65001
50976
55318
76154
71588
97024
3731
93123
68507
24202
69231
14524
44431
74709
67752
60999
38945
9479
2568
22384
55010
18033
38318
64773
83919
59978
59280
74586
17471
22946
96123
81300
92748
41104
45260
75922
77939
42329
65136
65016
55029
94953
51939
52812
64912
67214
34024
74014
89187
86349
67826
39145
14020
99434
76403
61392
96056
34607
18723
13695
35845
57557
22384
8968
15755
63227
841
20008
95824
4680
93469
49233
31901
71350
14942
43699
9790
60212
94982
44882
90737
89447
7617
19230
46573
38958
84561
75147
16014
23950
56676
15131
6489
13425
7755
9900
70500
19036
37801
43692
19501
38715
92723
21029
88470
19311
71394
5386
14090
25424
93765
96758
38924
28968
70417
79947
87633
97846
15975
95915
97294
58120
45867
87911
66071
46766
78383
89270
25122
90209
8495
2719
54106
55965
63097
1927
52275
66910
90755
22749
38368
93795
8232
54747
87483
95313
84552
81560
2826
34580
65816
54086
49105
38473
34322
14175
85180
19272
97481
32592
57748
25696
33826
98409
7037
91235
24717
21641
65145
60228
50825
5982
80999
65312
98464
22307
24314
68960
69395
64604
75090
67463
97497
28520
32804
39737
79495
95374
32271
52776
67146
95075
32480
5591
32481
71368
85040
23149
47534
57906
78245
79238
72932
58736
60297
71210
38465
95694
40369
45988
63623
27627
46021
27687
36055
94808
40848
75608
77534
8851
49940
14886
44325
28857
42288
56239
73878
65860
67472
86037
69729
6513
83745
58223
88263
69623
31417
44564
21889
72692
13070
77405
76102
71578
90617
17164
92878
52322
19743
70531
74674
78827
52259
98137
65838
4321
49926
32799
75262
59925
47836
19933
86465
82789
60390
68923
23140
16878
78298
66303
97438
24224
99023
51637
99736
44806
86139
84576
29127
23112
10510
70229
78563
51704
78036
67121
57140
60215
64865
95062
23302
49313
9140
86557
29822
82724
67290
94977
92822
39807
82968
99073
48851
60504
91935
27276
59102
33996
28177
48827
93818
15959
1787
93518
74026
18895
34590
20477
79174
84632
7937
81963
84534
47344
50531
3196
50511
64494
90672
58232
4945
67366
57835
47300
33609
62273
70476
57370
74706
88144
57422
29255
81459
38282
61653
28292
25828
46824
50954
52618
5452
3495
38944
5415
84245
14845
91340
37794
64972
40926
12075
41383
60695
85448
30850
17568
38087
70410
71001
14920
20107
14885
98117
98602
34070
54408
6424
62857
99008
9148
79674
39960
98685
94338
72195
78630
44061
79959
7333
71555
70818
11977
95457
37631
62191
93199
4456
61106
9311
7441
54286
36791
79190
4644
53865
28054
52922
98499
67565
592
89283
77573
97382
47890
87255
75538
781
88938
9974
28426
25544
66699
40466
77401
67837
68052
48564
72211
55371
65044
93026
42804
68377
1853
66554
36781
225
77185
14773
37330
6604
79011
74561
22124
96557
42103
25701
60375
48398
24801
2398
11909
97766
14365
31924
85924
11390
11329
55079
31261
19694
79236
57806
64215
30841
69163
60196
9253
12368
37565
8316
91186
14552
55210
18300
66344
2711
85601
76076
19325
80051
89201
68462
19814
2963
65464
72852
21133
11281
86337
87127
28487
89324
18343
34088
8934
93784
37658
91481
38467
55135
63055
93255
29827
67628
13864
73357
19835
25737
86753
95067
61405
82725
81374
68318
70373
96254
71040
12104
80800
88073
932
4614
1287
48875
4410
78687
25305
53051
89129
29862
96257
13616
26482
85512
30546
52565
23491
34465
66649
58916
88354
38963
96324
82549
69286
97137
63384
86264
83936
91610
17692
26644
13448
90023
78109
53713
77647
7947
43141
40441
89619
62837
50239
4966
6460
84466
84409
1769
42902
1955
47166
25963
79749
24175
8855
97295
86734
44996
45905
32830
11296
18284
64736
84031
78074
96475
66351
19853
45259
15968
57187
44855
38541
84899
13923
80190
77519
15198
23727
82462
8791
26256
87760
63563
49281
27348
16364
10107
76013
68124
86089
56578
44126
54547
95197
53406
4754
76668
63985
44466
40447
60796
68319
63078
60928
64414
23988
4776
15396
75014
44931
34974
96776
48204
77760
75087
29438
40982
3472
45247
99815
32764
39075
91047
31135
3955
24256
72573
97527
77065
81317
75393
70855
37478
49251
27559
17707
95556
26578
73236
37706
64215
41235
63189
23281
92845
95099
57829
19348
73289
14208
34799
58444
41739
37612
42476
47077
72979
46458
24066
54366
38066
8320
8262
90614
17234
97029
69306
7156
3327
48255
94289
53638
20871
88687
92513
61066
7444
45774
83443
23392
91559
43528
95967
16903
64153
50493
37185
2722
21486
61783
91747
29496
92073
22303
24489
37179
8621
27191
83170
53217
56109
52807
82948
6408
74541
69752
66562
48612
75171
84445
2904
7708
24991
89104
11923
9111
15
93581
13431
51715
27433
43398
19084
87043
19541
73431
31882
87689
49371
54444
98879
22467
25059
34317
72367
20300
6826
22950
66839
67132
26651
43205
72101
33379
90085
28571
78642
37595
63021
51651
34969
33784
76819
75827
71470
94116
97190
28674
86405
38959
95217
42214
5
8216
88727
29537
72858
1207
53868
14283
64877
54216
5423
59275
10972
99515
45744
99208
49516
20539
74064
98533
7982
19247
49254
96474
67221
18002
85537
76975
5492
88970
84538
96857
14069
33447
68050
63026
37746
39584
36801
67115
9617
49682
19977
60102
46656
11555
7483
12601
43978
80942
39582
59683
79084
63213
17264
95853
22538
21949
56027
20754
84213
78277
27854
86764
2761
93038
94497
23127
32970
77816
42025
86563
55093
12465
21769
25609
12362
76449
72173
96628
14038
76616
54025
861
69006
90443
58596
33460
43967
84434
78347
45520
15
94957
85181
4476
14493
1735
70528
83729
11940
81860
54485
45157
1948
17366
5945
49532
29963
20307
25875
46945
5764
92393
71233
61492
50002
8502
68258
94012
71560
12543
95742
42375
54944
15888
15639
45873
87467
64074
20276
12809
13855
18874
61026
41425
62645
88555
70761
68907
92241
71934
47263
37547
62958
60348
28604
11049
64967
5516
72337
14845
81149
52532
19179
50183
52004
10376
16266
55992
1563
76017
59554
69133
90298
49747
72621
85037
67014
69204
54601
76148
28585
34570
46404
75486
77228
43347
91472
26982
49841
65021
64881
68062
77937
66644
33187
22187
94329
8051
64095
29868
40744
45656
35453
88000
21756
51792
91251
59755
38165
70587
6291
84284
97634
27181
48756
18231
48455
8163
41507
12677
60733
65937
22530
76432
55668
96791
8521
45666
89303
43837
9059
79315
43684
54394
34893
18084
25201
55154
16475
67254
57598
8738
75909
31771
37982
78744
73903
10162
37812
37784
87839
71812
44220
83769
43986
40030
71940
65847
9119
8202
95158
9025
59605
88873
76890
25614
40797
81913
10287
75029
43525
41960
26021
97370
58296
77967
99006
58760
38949
51043
91901
81874
57253
87255
80123
56827
5804
90179
92483
29442
1073
6271
35583
73661
33070
59705
93511
8215
93965
48862
34008
26393
62511
86651
37954
5424
94974
44777
7149
55631
26070
7309
71485
60149
49034
90515
38376
59524
14284
99942
41728
94423
67308
64577
78509
16669
71097
1254
99491
77501
8632
94285
66315
12468
26066
64873
66886
50363
37831
42329
93387
8379
6627
13750
66139
46120
23031
17492
84607
67979
37982
71005
66348
35595
27670
55242
47631
3182
86318
16512
67879
1623
85580
59148
55535
17230
69654
86717
888
3285
39779
45143
50434
22858
45227
24931
58059
75636
20713
42757
2167
75346
5635
82698
61751
13470
3659
25584
60571
1621
20442
72813
25257
98160
46341
4652
51240
42235
72446
95919
41743
45936
30841
15451
11517
80408
3536
48536
96482
11970
98154
25162
84555
74555
41439
72803
57572
54501
96831
99527
16421
17844
69265
87878
7190
34800
83681
77162
30275
87328
51225
58671
60139
61450
13411
29500
39391
98000
38430
25154
84023
43424
54731
72509
37337
97592
93038
69662
28999
27809
48475
61312
76718
46699
74298
30507
39880
52330
38235
73179
41136
82457
33212
29430
35291
25618
81684
89928
33740
57847
7734
20306
19468
42566
34401
16316
92268
5022
20736
39074
90581
39127
62138
40259
49613
8
60329
29288
82420
18424
17413
85964
12118
53689
60367
18178
65567
90264
73123
18838
55512
79078
45278
86034
5151
8760
22032
55411
65360
74105
53970
60422
81104
99934
62628
77191
63967
36534
96490
68164
90962
56715
64637
50661
31450
89281
75847
98107
73874
12326
90251
36361
52941
36148
78993
53714
76152
46057
89925
11434
64866
97405
90420
93874
88110
44425
57081
88581
38434
33271
85874
56716
12675
43498
22755
33092
49811
85271
99966
97644
44557
85507
41229
92408
41638
32769
42484
39223
22388
6592
92738
62115
87350
59473
45297
76703
42759
30009
18232
6399
48284
48196
55067
28205
6271
45424
93335
71348
14295
52763
45888
51094
38636
52796
94053
6349
97301
88901
19891
38033
50360
88618
35121
86742
70837
57237
44553
26642
68093
51135
97623
59135
6611
61619
41351
31732
84460
13684
62874
94768
11048
32400
71796
31290
72396
73527
17073
83573
50835
35505
17698
59296
65278
80780
95847
31880
4278
91599
74110
47574
67532
96152
28371
58463
83375
7368
70752
1653
69974
66794
32926
63588
97283
96880
47344
27342
17404
43233
91010
91820
29024
19878
16696
78687
14153
30363
58949
45374
11059
70902
95388
10039
73884
18547
13626
9814
1783
38420
88333
65773
79421
9289
99242
76123
37720
67794
68303
49182
18991
88934
97093
24468
61705
73952
21412
87527
35226
84227
42544
53474
19000
37022
58300
80287
64162
75176
50230
28131
39436
73654
72155
19006
56481
26070
89463
31235
86944
28877
95152
48314
88590
39043
51243
47193
73939
87102
45471
90641
18694
11982
57263
22133
17243
91337
3382
25092
97797
811
1242
29818
82915
78876
9636
24323
92527
65523
36914
8128
56356
36018
12661
37295
2219
68489
53494
10785
845
74312
38772
82927
23009
52303
83706
59198
70805
22743
37720
50293
7054
46462
99638
30238
5826
36371
75360
39514
73242
83820
91347
4757
34623
51422
30134
62645
15034
29582
26235
74258
87747
99833
32224
33531
3073
14067
23550
94662
38961
52511
75456
76082
2058
79359
68060
88611
52025
99276
27462
43586
93308
48083
48461
46684
14012
1162
43276
13657
78234
3259
34388
17435
50911
80772
14231
33791
25715
88065
21321
46285
45380
7649
81279
18511
98211
31210
8422
67100
32970
89850
81299
41986
98916
40259
33968
42476
69614
6784
73123
50233
9885
29153
79271
78282
8992
86902
51544
90232
36381
49435
43778
69205
83586
58249
44065
42006
83087
78129
18086
66027
55120
93330
47606
56602
83497
63860
43827
34609
89367
10121
37570
37065
31350
79534
9066
32812
32098
94796
92241
51522
99585
7214
68441
7070
20635
69798
46985
83927
88732
76512
77962
61643
63919
58751
42312
51358
50436
97845
91174
28999
39391
34608
23821
69262
24701
93328
87749
37398
66580
11585
62195
36408
31832
45152
5015
59775
8577
9861
52987
83409
72931
11293
95517
72214
61595
7263
42047
78290
11917
75149
93059
90144
55292
56420
99840
3147
8099
4260
69121
76588
31713
4559
24611
12257
82097
12851
10907
55778
71134
92626
88004
62910
94371
63783
39389
8746
78003
68889
92893
11322
93975
4917
38161
83664
14987
83103
82510
2780
73882
50368
3896
21723
72234
80001
92925
91370
83396
74843
67681
75442
24844
20534
19689
88110
21486
98888
72824
46291
97853
22052
67133
93546
872
35877
30449
42134
16701
43028
55264
36833
66804
55269
59559
11086
21182
70411
57342
7813
73789
16465
77107
7220
47629
88407
12668
30335
19879
19830
99829
48106
74689
2336
37542
53994
96332
41150
11313
99470
87070
5795
98496
26451
35090
67439
78441
6443
49031
35946
35862
79422
88660
48294
85623
6210
2978
71641
71167
70118
37009
52356
35063
59203
29226
23724
79691
19112
13078
71814
25041
51730
40056
60940
54351
85483
66987
58418
35009
87924
58594
32245
42337
8720
95269
71689
64880
28083
15968
87974
81997
68076
48797
94378
77870
30682
95216
73124
22840
71700
85166
83077
86909
9769
89028
54735
40067
71443
90335
92509
79517
82038
70087
12769
24111
16064
37197
80262
71469
11710
52356
10400
71687
42534
16992
90897
8208
85265
65108
35369
2679
36525
1723
44417
62849
47969
40827
13109
21880
73555
88830
72589
39551
77699
72623
46703
32057
56247
42363
89964
84618
39449
82320
85018
37517
94571
64692
77194
99609
87283
30940
68523
19286
92228
20301
49992
20630
40979
2319
53724
15790
53899
41677
61529
96393
81451
48592
87964
98351
36908
33007
38755
15524
17821
65452
7624
44197
80112
98453
85643
63097
68613
29883
70563
17480
49052
61778
8867
41776
57772
14270
4392
7562
20220
32229
31468
66717
5296
51672
8475
3692
69343
34501
32554
73239
49534
38866
97571
83569
33268
94606
53045
69544
38149
46144
61421
64899
82756
78843
60306
76117
4314
51564
18768
94538
64647
4928
96012
27958
6111
627
83720
92650
9211
47529
70011
36456
5774
36380
73020
55854
73572
76253
69755
35057
76839
43837
82464
59238
5646
96115
1582
80561
19228
66312
7017
22336
55184
77503
65963
74030
28818
88203
49016
49759
4272
4352
74386
34224
68410
75466
77084
20631
80995
19085
9020
89710
65425
78683
76124
22320
95876
97641
37703
33237
93686
52298
71299
65165
11486
16577
36516
39028
99384
15613
36068
11658
60343
79333
92924
62246
48798
24227
2190
33842
47485
36463
7301
16559
98339
60552
76765
48820
70125
96805
90396
31811
46711
47147
23592
66326
18401
8285
38980
56987
99091
99108
8478
68470
73943
15665
26033
91820
46357
82504
76701
27873
53052
32558
64803
37469
73377
98995
80527
57900
44898
80324
49196
55012
60665
54498
80396
80724
20083
96590
43280
88569
57696
44644
9320
41422
44164
39003
78099
44920
44641
64189
36566
18199
46390
79908
41224
69175
93419
80606
37787
19965
90648
30747
89388
2980
94540
88295
64330
8969
46852
95297
7192
20972
22872
45997
29559
90375
77561
15205
4442
1473
21590
24809
40403
1613
76619
6083
70148
62902
69120
11631
50491
81410
31680
68081
74517
836
80758
22905
73732
32820
14872
33529
51182
14337
73035
36242
24706
8292
48648
36274
48082
74806
96430
96893
68127
98099
29255
19721
48179
13124
34679
72115
7753
19303
20818
75238
84218
96169
51338
47338
4039
25739
29672
4880
94268
36758
97208
71423
90062
36695
35485
50364
62943
80491
31099
73733
19410
77486
49410
77500
37157
60774
30014
89688
91382
52305
7449
51974
88299
30282
43562
84498
92072
69046
28898
98036
20533
66927
43841
95645
85444
42807
2121
9716
70758
61270
22162
56995
10915
62107
43081
32373
6114
34667
99429
52972
77504
40962
87156
80633
96499
13142
22565
70353
27507
43968
38306
94986
60768
74775
62554
69214
86371
9239
61693
4810
45464
84794
59372
1018
85344
58314
21215
72428
8243
76382
17545
66486
85235
22996
42478
35932
78088
70169
42968
54717
8274
28761
14089
54978
15646
49819
51405
61661
29773
95263
56490
27416
56088
16411
40111
98027
46108
38957
85839
21518
47274
81998
93458
7281
20162
47017
56077
82669
47408
73049
78898
18612
76244
89899
72166
75360
87795
73862
69811
42130
49820
14516
92444
29012
51106
33947
5499
18585
44621
44958
93356
17609
75281
69217
66112
48096
73710
69067
15299
45496
31217
63663
29680
20050
42158
71623
23357
32828
4733
98900
21099
65541
39900
10431
9863
26269
14316
77533
53936
19875
51550
51569
58869
59633
21171
67126
33656
13144
4115
27745
13213
79348
69125
22890
42576
7284
15869
94999
59722
45201
91172
69794
77222
31570
44111
12421
46811
27867
31591
5690
92972
72084
56676
95585
99446
57783
86593
26671
31407
20472
39063
26530
9798
53733
97600
45910
78749
88989
97904
85872
3532
56301
73983
82433
95057
59161
92940
20460
50462
53331
51004
7305
79056
99372
23928
51064
29732
2068
56711
75386
13349
82123
2888
77973
6760
38398
23755
35800
63294
73626
42397
16671
43228
76024
13898
51708
30581
11437
66819
21366
70145
28611
82647
77419
80927
8172
22266
13529
23082
96622
60268
57088
2027
56974
49208
54335
13378
91685
59100
18454
90490
80411
30492
92221
38044
30766
8504
35167
40580
97645
193
61742
41432
29270
38767
42001
49191
49670
14359
46860
37587
53813
95700
34426
65355
43548
63339
81503
72047
28097
25205
48146
38484
29092
65381
99394
64433
23077
50430
52319
31892
82020
10315
84683
27490
67107
79743
95742
17749
7546
74460
93823
50945
83801
2744
5752
62772
46259
76251
65583
53267
76165
22010
35882
99945
16664
1400
2949
11668
40869
38807
11390
75929
55377
74401
16200
75361
81255
12104
44382
31945
62743
88946
20899
60861
10282
27099
15532
24607
32057
14057
29281
56903
6157
61
6054
93847
85512
83735
17624
44653
94533
22208
46699
19499
83547
8234
47262
64068
22210
324
56410
74161
96700
24936
98960
71173
26128
48300
9158
30933
73381
60871
42188
94508
83559
70852
50303
68234
8316
64647
73492
99096
67169
63219
82999
97088
57013
57310
76966
14435
56465
64580
10848
2015
43885
89630
39935
90536
20796
50242
85307
16067
16032
85875
15790
10727
83854
35373
35204
18116
60285
70911
41998
4349
49963
36117
15680
16895
30459
63101
30637
63231
19229
62445
26853
73118
42118
48981
74387
2562
71136
6003
79926
58306
52478
22408
96293
44694
30493
82090
43612
52667
1210
41116
2896
9043
68082
31200
71032
23417
46224
53200
77635
23548
13355
98985
37667
57975
77714
25658
49223
42028
91302
18661
99692
21628
41123
70622
81330
48666
59980
18525
49233
72123
26385
32757
65298
76575
88563
52367
28641
97459
74338
11776
37906
13039
99003
43029
91215
97745
596
46954
92899
96466
75281
89498
10850
78984
54350
67164
33159
84380
47100
49717
53887
35742
48837
99399
19522
24733
74632
68234
2161
86008
78901
84278
87414
47549
12511
6724
24306
81650
38269
38699
1238
42888
49756
27530
29348
58865
25088
86258
60257
48395
90944
59882
80865
87221
65963
78558
89404
96346
16162
67240
24768
68452
75861
4536
62809
75260
74260
58252
14301
9371
39921
47814
82765
6720
49254
12984
58493
84099
62889
48059
97603
75152
46889
83340
47267
55371
21583
12323
90957
38715
30061
30825
53786
67876
27099
29468
88959
23074
18746
95244
37035
87378
98886
11108
87530
34087
16587
73781
55085
1328
3118
11403
27680
44469
669
66814
29960
57217
10480
28344
73401
93851
21700
49703
27598
24795
63351
52610
47405
64052
17891
11177
84405
37452
15543
23631
33466
85243
1436
79956
24037
96903
77220
9633
75799
41726
20158
43602
86012
6415
90553
37754
51514
51105
64032
52029
40807
24671
49280
41268
56351
21715
32479
37605
68822
47498
17121
34656
9534
43918
93029
69168
96269
39240
47741
65308
79066
27819
36925
75008
5098
16317
47298
92536
98037
24872
97619
53061
31769
46805
91277
30601
62861
26227
32892
64335
92036
46686
94849
55029
6053
46584
19538
51143
20534
95402
98435
97300
15035
87185
84411
81122
38113
52989
46069
78873
25175
27363
5261
70652
35535
74724
13272
74572
1298
96837
16690
14833
81914
83681
5483
31893
88570
65695
85627
63469
16835
29139
50402
74349
59458
97993
62099
40530
57617
86072
36150
12139
40348
46364
91977
59024
18132
36922
70874
58825
72907
16014
87744
31887
80566
95240
75416
64159
67907
42737
35878
70996
67771
74966
59183
58995
8771
54527
57037
7699
75085
8266
21952
25838
27327
24140
59588
19681
90170
17128
43127
23082
99160
35636
55355
93442
75666
46827
43157
85040
85295
45041
4898
10818
50595
52313
27061
41029
85560
55971
3595
26715
40333
40145
26332
9279
64707
86245
40102
20180
11357
79505
95489
74120
32930
71580
85538
21020
17099
89339
68041
68328
16766
41963
98508
60858
50325
92024
44745
12282
34034
16442
94014
82559
57976
12690
54336
97907
54323
12539
94554
37817
36364
40404
87766
4085
42423
5536
97906
27187
98785
16599
55516
86808
34847
72371
33244
90893
34506
5112
41060
67565
14345
62059
71058
88969
49765
6543
76546
87708
99004
67702
48542
57100
10726
12217
74571
93200
60745
6438
93565
86723
34746
6178
67352
14120
69295
12558
21449
13105
84157
70260
57727
82105
17565
26779
22898
25045
59634
12691
87107
2096
65211
24154
50448
7225
20716
80274
36288
64310
46276
16340
6814
46109
12337
15812
352
51887
15001
89647
19110
55338
92202
96994
54225
75160
49326
5695
76501
99358
24074
72119
42152
16151
19911
33707
34803
36235
67220
38905
37360
41814
1479
83971
25678
45627
1754
31413
16039
66949
62430
37199
19394
42868
59224
21273
58624
53004
58281
30523
64427
51683
56865
63348
42991
36313
25405
70848
85234
46930
95361
8292
6271
4930
41192
65358
68289
4692
34029
85810
94768
57602
12461
19425
18668
30698
6708
66347
32881
6745
13012
11661
70852
6767
81133
86915
59208
81443
63199
24228
90234
28419
59161
55080
39366
64237
71047
40929
46867
67960
26461
4201
27730
80049
1279
24401
96652
5476
44858
58810
4269
33234
30577
98205
29068
12300
59083
24342
6495
16349
40001
56379
16247
18669
81796
21278
83753
47096
4446
94695
55472
39150
48587
57726
55839
80146
66977
6553
93412
91956
55496
86874
10225
92628
79775
73469
21281
72050
73900
97455
91784
95221
7263
47396
81167
9162
27612
49815
41590
84809
68555
59555
26764
67797
38316
83474
10606
50843
62042
609
74415
85152
41062
90452
34036
57684
43057
36436
33403
51433
54170
37716
32100
61363
73461
59025
18013
28121
69963
58331
91735
44256
11507
69120
56173
85221
75879
10928
54364
8617
34596
61065
2094
51946
90342
65702
78193
78239
31690
56477
67874
67912
76546
24142
53683
40067
61592
88086
31144
29192
31909
59952
84717
74356
46157
35559
9776
70814
23953
84460
11524
53833
50391
75221
76929
2411
30611
41306
70004
20708
29950
24762
62813
52074
24069
8744
51760
17073
44808
3823
48764
15243
96726
86425
61847
5628
39214
75289
27748
65640
67308
65181
7388
42788
72367
38773
92183
70224
69145
99893
77617
73414
91694
21288
21065
83171
15759
50400
64708
20466
63659
68814
34716
76176
64411
51626
51643
72189
39573
37226
36751
7262
57003
71158
31765
88068
7478
97705
53739
12924
50038
51409
19306
73766
77304
95676
67189
1306
97248
60845
1784
17876
24603
21919
43272
94937
92129
28776
74634
8631
92821
25287
47552
8715
45723
57482
62810
7927
86465
54405
83080
83580
48829
48564
48640
578
55104
4932
25284
31948
99153
88358
77025
96414
39014
98193
57947
17718
16969
25266
74051
63394
50059
43676
6723
70293
27606
75570
63780
46043
31160
44379
83879
78462
26238
49353
45802
15387
65634
57351
9234
80975
99066
54093
65633
94479
24106
65621
40913
60372
98297
5253
32818
98954
44380
3053
76804
77559
28855
55866
53064
95515
45609
93898
20000
93115
49842
94769
56115
97861
98121
22931
43141
51838
53333
97473
93630
24476
82803
92845
64067
63985
45548
53801
20093
74703
67852
51870
33676
19609
24102
39230
80191
86933
67796
93021
80150
5016
98767
84716
84348
11463
78396
94893
1590
77381
68852
32783
60687
55628
19331
48716
69414
24116
97346
96637
42140
79607
70980
52254
42341
77039
67439
72524
81422
5692
90073
13704
11930
8142
80402
2832
11686
24106
16093
42288
41840
36034
10866
77801
22030
19375
77755
38419
66673
56349
13663
89809
68156
6295
29955
3850
63104
16150
74097
12819
96919
48591
12730
38396
85941
94689
10673
27707
58942
59851
63417
93797
10438
93994
68963
67884
14049
47578
6071
82975
50625
85353
48695
39863
26729
1956
92619
84214
24026
48388
9103
99259
9125
21369
71444
44825
26035
80680
83805
66464
57288
28889
98912
4977
17925
96421
71864
41172
12645
43122
74531
82080
12042
58669
35489
82279
68745
56211
89660
65070
7236
91882
70721
7058
15991
56206
14654
56817
70620
23117
27188
98759
60560
51010
49309
88525
17977
71718
12768
11629
98776
25241
17600
84956
42611
9149
63163
13337
79383
8915
90117
23418
75231
97291
46675
98714
44812
50798
7525
93793
27649
89255
66964
42690
32965
40062
54970
20066
94064
55525
74279
25157
67646
39781
86296
12831
79332
75932
30604
14597
2289
25213
30034
38931
71790
29052
541
3349
84354
11331
95530
11878
94353
8619
29440
70303
88562
37210
93150
34312
97239
50171
72546
67892
73090
2786
51779
99347
74010
73836
62116
82988
23653
32028
12171
20461
99393
27954
34682
38625
46993
20726
62277
87724
30175
16693
80675
36911
14648
87527
58991
84574
68090
83621
53260
62881
63471
40727
2373
46522
39012
31255
14048
32550
44678
81782
54118
33816
8676
38467
88426
9340
87872
12016
46026
66051
12429
35125
25464
97466
91110
62850
11587
67236
55867
36684
69507
44379
86099
71277
64181
99597
29689
49809
93767
13641
26256
81783
4455
53782
22653
37181
74926
25114
693
93974
51152
33775
63360
23327
94461
63371
20575
62951
55416
470
25249
69919
99987
73084
41771
4445
78040
95214
14972
40369
72440
49242
90190
15151
58836
33914
72845
75658
55317
87435
56635
80000
67555
79783
51465
98983
74847
3612
8788
50419
72985
38288
76889
82074
26738
16864
92497
24831
90077
90262
47431
45964
67518
75624
16399
1909
22712
78259
33034
40804
48279
91669
18242
72692
70662
17160
49531
51071
18408
15777
17892
3187
80998
75828
60095
16684
8184
90232
35988
70924
3107
13200
5408
91555
80917
68524
63691
53704
47311
77634
84683
23940
68044
14586
25363
51885
22098
94267
85463
94962
21780
58384
95443
11418
63984
91924
12893
44734
80485
43517
88033
86651
66416
14314
82115
76899
31272
44015
23651
98793
93022
60588
74599
80143
10371
59232
42262
13379
73830
10013
57593
66749
34545
34349
35952
69556
8006
94395
90554
27018
32139
55414
63608
55685
74066
22013
35181
391
93559
82040
11077
97353
7589
99232
44234
52689
9088
22989
42076
80970
24827
25154
32534
17210
39743
53279
74282
28579
70860
74438
44221
36947
71849
50621
86563
94862
76384
16425
81317
6040
79904
92447
99652
17977
60565
10923
94339
43696
56271
81020
40752
66475
40540
58016
29623
84225
59933
81448
35839
19234
20728
56295
98616
83185
64184
64028
26989
53179
96649
13812
88920
30979
33461
65419
70678
75106
48066
16162
21784
39214
86353
91224
41884
87630
52886
49784
82058
65087
2726
97717
87420
28364
88017
72059
65880
65602
64347
33034
61952
24601
31837
48542
55419
24644
90019
27158
6703
82563
9958
84557
83553
22048
31054
60853
71073
51631
57725
21690
735
76884
20894
24821
28400
22469
61625
93790
14874
90549
78735
86684
978
9123
81505
89262
13318
51769
61791
68004
34317
39345
16759
49157
30682
14671
48831
96551
95890
90859
49584
84609
29680
77525
61109
69206
93903
77037
85741
93663
30905
82814
43347
39037
93138
26843
64838
20875
13031
78649
29030
13081
66433
60270
50302
94890
41994
40720
62723
87971
9089
33417
82469
62316
43427
13944
65964
11862
14634
33512
82123
23999
97812
58612
25182
27380
90004
13057
89442
79451
88694
24962
17076
51531
28354
84068
66873
57004
77750
31483
77568
38318
60763
4496
38630
53026
8100
33770
87059
62157
53677
33206
15583
56352
43521
19547
21437
21764
10451
38442
85522
85330
1390
86052
25674
60173
70844
82317
14983
6745
25550
54955
43423
66009
4022
77813
16607
16717
74613
47334
76144
84049
54838
52896
15535
92691
49620
18062
97144
83633
57013
58629
67560
24724
98662
56779
73011
19442
98196
23769
61327
99937
20170
82386
33305
40388
15507
33726
82951
36487
83722
78576
44655
35004
32876
80325
64367
43023
36123
62264
55715
11774
63164
44477
97015
40549
69947
85527
32782
40699
78666
15676
23999
12382
2978
5177
97567
58306
17800
17160
49548
58706
19339
45470
73594
41721
58634
67862
44221
308
9531
6228
75814
83798
71501
4860
69644
68869
36669
69801
73663
55031
83902
96455
75480
7827
63351
23282
14450
3196
90624
34092
44095
32343
93146
43049
51682
99154
13009
99587
90739
60637
10390
73674
25870
28343
84112
99148
15189
68626
3727
45945
75293
95209
17995
7110
25229
47302
56895
6178
46994
30211
18896
8804
11814
99522
50892
80379
53010
65054
80614
22265
34982
85357
43489
34223
17797
71468
15968
19670
90487
209
27398
79304
62983
38912
52370
53982
29580
94267
81090
10507
23911
87320
58602
90635
97167
81990
51569
5844
41284
57860
3427
80456
68491
99671
29236
8025
80382
45341
26183
43875
21397
92176
23192
18016
25578
74200
99947
11203
44204
97292
11832
99901
26365
2942
64624
30676
65727
71180
2977
47782
45200
54428
36222
2647
23260
88314
29112
92140
58332
85440
11453
21557
68245
82893
37985
32379
70739
38725
77058
54450
73596
18551
97571
24216
72112
27190
15928
41590
25977
87906
2974
94613
90604
68633
13802
50450
85559
81907
58711
94184
22211
36100
3533
76207
72260
72272
88830
91891
86244
23960
94269
64706
68552
27477
45990
32954
19301
77155
88399
17713
61714
39545
8931
76601
47425
79564
9949
40856
53290
39306
94945
76314
90861
50945
91480
9740
39981
52872
34619
35738
55253
79549
83063
6636
94416
97225
4193
37234
34158
21362
85694
43659
12255
96792
79624
20809
32684
86802
63757
85880
83917
46190
37256
48206
10994
3823
45380
15622
11601
22773
45381
64785
52424
8300
46048
86376
36197
94106
60075
39588
31256
68430
37683
8073
6774
37
64851
5849
57836
7997
90824
90209
26083
48866
35966
17749
20508
55743
95961
96660
74812
96727
39113
11385
8454
51061
14784
34459
97404
5229
23624
10530
86527
4065
86269
53324
31387
99937
87086
4395
93096
78173
18894
35952
56412
50889
64230
71550
27064
92344
89703
25399
37895
2226
79752
13976
62000
9250
40983
65072
80597
35255
25027
93528
48463
67344
34951
39902
49881
94735
56856
38008
63355
48218
47275
37547
15603
80346
69327
38256
8054
60852
52617
37297
69673
76219
25369
32220
9665
92325
66226
43741
91786
24313
28437
88032
74774
14750
40356
44474
53010
79719
47044
80262
43523
34821
16730
31910
88692
78920
64542
49569
27792
46291
92774
29339
26201
33509
58866
61268
34416
60349
38149
12170
43817
52870
29282
59599
13641
6768
54738
14074
17759
18772
25529
78902
62191
55594
71670
10829
29549
24410
46792
93424
41094
48916
39665
87934
4385
18349
10686
46806
39179
1596
5469
4465
43780
12485
66417
81432
99960
56375
38867
36218
34828
50914
90739
38592
91188
32065
81923
69053
1739
91788
67795
75913
81903
23083
89292
95170
83060
65752
13401
54668
77080
97353
3311
52174
53861
86164
2789
20697
48586
45871
65449
91869
72187
32764
93129
20653
60924
39619
42776
94417
8286
99152
19340
9233
43758
41911
18420
62806
11176
20969
10286
30555
25223
64318
81567
19125
46448
25440
51854
94552
75317
77267
57715
36417
36229
76959
90233
78104
79674
86043
6597
72144
59401
11857
41893
8710
28740
93176
79224
69422
37073
33082
81352
84425
52999
84839
56860
57966
36518
75938
70261
4557
74096
24670
37237
900
28374
61731
49393
6425
89473
60346
69933
61889
2386
72014
72210
70859
93052
76300
76842
50699
4820
15994
48256
36804
85394
92485
7449
52607
5215
9005
42345
40967
87048
48246
93462
61431
4905
74384
58956
99864
5084
31375
40438
5167
19762
9777
81398
11917
21229
63102
35061
57546
57570
59280
755
99934
35393
56968
69736
63628
68491
75115
59470
38676
85863
52874
26525
11836
97439
57472
3169
22783
66645
22917
11908
10828
53018
3894
13747
80337
86435
73086
44803
15418
9360
33737
47330
39545
69684
50816
78876
62861
18185
99808
83980
33001
78802
98547
57304
27890
33648
73356
96014
7983
85399
50721
1850
46631
67333
68271
7697
46373
54658
41261
54133
27630
97790
89505
53074
34549
46366
92481
75133
23152
89240
12449
60764
51578
25329
42306
67043
49349
30128
81633
13507
17643
63342
46542
60186
26010
30549
21264
20234
7258
32795
10069
71793
60819
49259
52653
20164
52390
22867
29253
20181
45059
30273
99754
29427
70288
55682
44042
66049
16033
42926
64898
5164
14334
80002
90695
33638
83439
31609
67210
39499
52861
25292
31561
42191
35228
28177
58037
26783
87426
52200
81847
55014
36781
96298
91504
3111
95143
71895
93209
75938
51012
62907
5088
56450
78755
36000
67652
16735
78760
82037
33478
83355
46049
19251
51885
27367
57254
52282
95584
37345
29224
30843
79471
50960
93825
54753
28153
71952
40417
92158
20875
29203
1595
58632
96977
29231
24611
54378
7183
23856
18345
88542
64250
4553
49392
36293
29787
13251
34258
86669
14381
67033
50308
22138
44637
19574
65340
59856
95629
17958
67751
33887
30019
87598
84247
53882
54678
92425
45584
80301
39111
29
3763
5487
95935
77801
36136
91058
74449
19245
56912
26035
31616
48463
71157
18264
64721
85130
28857
48164
51860
58302
67686
22865
74010
82874
23333
71689
7565
7512
55183
63842
2008
95921
19115
29631
14744
59585
88149
13087
71795
99581
92188
72004
3821
94802
90317
91575
22234
72713
88898
3802
3165
38638
46973
46523
87580
23726
99094
3391
13829
10873
54463
64524
3175
25567
93927
69400
9716
31546
48164
60918
65683
21602
75691
24747
41933
82678
98770
87639
2803
97101
38215
12228
86603
6891
69669
32471
10420
94062
97197
43906
58052
95807
33627
71637
19466
60883
29604
20077
9079
64745
56258
75683
63426
37351
52477
39701
79522
16346
14986
63595
13976
14882
9168
34639
82549
62386
77650
85627
21371
98128
45990
12906
773
50498
18009
12159
42621
78168
72168
67542
64307
4318
51101
70173
9770
57712
67577
33746
19329
54382
54617
79446
25912
71048
90148
1588
1868
57246
24990
13392
80879
28046
79814
73297
71576
7335
57372
68984
62106
88653
80200
2219
48521
79489
82132
43607
87503
67092
54287
47529
97991
30914
95372
34398
73009
78214
81873
8167
77279
58297
83436
62900
6311
99615
88485
55286
14434
23158
92285
70197
96766
57014
42023
47138
59688
88552
58248
67048
96489
16464
75591
89969
9606
94070
30486
63846
72248
14416
89071
26900
46226
998
45307
87334
86205
16437
33849
29315
61413
69418
39412
5856
8946
84351
65856
72460
34566
97181
90572
55016
94657
27824
85818
82381
90350
81342
19797
66820
48056
92375
19662
65200
89235
55433
5753
6433
91352
10133
46381
91980
56655
77933
73884
88208
3385
56675
68348
63552
24504
39512
20541
23752
97976
10433
27371
69062
9726
43961
72440
73531
13700
53122
77905
46323
867
11198
57212
88209
92229
97036
1179
25501
27501
77149
77456
42683
96910
84172
64668
50449
86523
2319
33872
39355
92373
2038
71613
60980
90073
99423
11935
46183
3396
71963
90912
69797
96907
25556
96368
72557
79185
84053
54693
22220
51043
58144
3275
17086
83120
66224
33948
32366
19754
8683
57021
99814
28007
47696
57742
54524
25350
24512
19241
86940
50530
73739
92893
37450
1997
89448
73033
58536
22133
35247
31200
17094
10735
43655
24136
85545
25225
24276
84189
69275
80888
96837
29576
89115
42285
65803
96020
53487
66981
38642
9645
88303
65115
99389
24029
12701
53147
26104
3894
27463
36847
64100
93526
45600
48221
73767
68142
86919
30490
92698
46791
90108
42632
77753
86351
72246
9529
645
12527
90157
28147
17597
11566
21628
97650
9626
97615
73844
33960
63626
6602
35095
29317
34672
49492
68918
31321
9046
78855
8735
10055
75007
82534
5108
82098
54353
97251
60783
17813
51752
13913
49832
76685
11865
97928
32233
63770
46337
17012
80162
47596
64485
19997
75600
69534
86798
28419
83159
7641
30273
13070
21948
40695
52107
12946
39111
69527
42325
11956
94177
38514
44704
64619
81281
16872
52274
55387
41543
55351
84337
69780
4572
97608
12275
1021
90591
57420
24155
34657
57976
66350
66178
39928
24143
37855
53746
74556
34459
38718
39330
75133
19153
60193
78407
57751
66096
58426
30802
91214
76147
78353
48783
82217
56882
18907
78925
68075
9406
70362
20506
23161
91223
27788
1856
99873
72408
97887
67715
13088
93163
15140
48312
4211
58884
5377
23515
41666
75158
15902
51138
22787
74803
36353
11713
89866
38049
3617
49280
32433
32455
60740
92410
59271
66772
89700
4598
96287
86855
67824
68347
95561
34039
56725
9411
56671
78337
88465
11284
52661
71365
19634
60901
90369
30522
81801
69893
55152
70298
96193
25415
34407
4727
84803
54849
52270
80855
60690
59165
33669
18558
29914
65414
83739
75011
36421
54417
85492
85879
9176
22772
77563
19215
63578
88355
48770
87397
35321
76290
48295
16985
74592
61488
77375
67085
52366
31311
67769
21980
24190
83598
44175
99086
31792
75419
17205
73601
74453
72759
49413
58712
37968
80035
32683
23335
52142
26006
99418
9631
45262
20644
57897
19476
78338
43242
31210
24838
15059
44790
90664
23137
19847
93985
11646
4140
29968
50007
24414
28646
7288
60522
90122
86012
42896
20103
39134
69145
73464
66695
7453
93665
89256
5322
44384
25180
28560
6884
39635
38480
58147
98869
55609
12687
66069
41896
54484
99827
16237
81564
81100
48291
45569
40333
26985
92037
39591
62674
62009
84299
24671
70768
13473
42610
9928
67526
36912
29584
91739
76533
54658
20760
75309
91392
39759
20393
88881
32251
73443
87138
17655
36658
92235
52284
31774
55126
86228
35865
28877
94466
25922
90176
17674
35920
58179
11438
73683
1912
85124
37700
16076
12727
28440
62593
32653
68809
69526
98023
92725
80989
46104
12037
14086
71158
62831
6078
1408
79692
98234
76475
75781
89192
39133
66503
44607
74313
16577
8756
32577
52868
12006
29803
60741
748
5796
11267
78918
18939
66345
69024
83447
42159
43749
53922
49625
27870
33134
71336
47644
24108
82536
25477
78591
62241
23019
55191
29985
11086
57124
9488
61171
88303
32509
29906
44063
26342
81259
18109
39878
59084
95419
19903
780
43818
96406
97440
80302
91025
93516
93179
46194
8260
59189
8655
15813
13341
5598
37857
76526
92934
85518
2442
54896
36604
6331
15636
47556
33812
43936
98139
37445
10901
94310
41615
32553
12923
48062
97192
96004
64752
8098
55622
69146
65657
58631
91076
15751
60037
79329
52811
61703
50365
32245
57731
57588
56538
44399
71219
86875
85494
97686
45200
49006
78876
18989
39824
80268
66389
68751
16292
19807
75568
26047
7169
8781
67284
20594
72393
29429
89606
20852
97882
52998
72980
62620
51487
5370
96348
72511
50694
24223
49323
73992
10759
29464
75406
31249
17611
88512
97260
46622
58514
58573
65568
71259
96268
30253
97610
90385
53486
30046
39679
64476
69127
27119
2269
32949
79800
96346
55516
59430
65615
87035
51207
38458
42112
70975
77815
60550
61814
3789
37065
21908
13127
38848
20965
81079
11283
38093
68650
45726
49578
7564
56464
42760
45470
57328
7662
86054
92982
49594
12
27737
13722
60104
98932
26837
42040
23381
47666
7082
32882
80663
6092
50245
32339
78736
85559
54087
73476
70101
83339
45704
91960
76698
71286
60737
19085
3173
96593
44617
23014
51819
64965
90299
14488
68470
77679
6266
20347
22978
94091
87337
80678
76796
25800
14303
78853
12043
21458
86363
12890
93057
19522
93783
42814
76320
78110
14803
29207
3844
86322
25094
24566
41233
19032
21744
97104
21711
38128
88588
2115
56197
72024
57671
49725
88480
61451
84765
54091
44693
10988
93204
24181
3581
54293
94292
29869
4918
15693
18660
66205
11027
41673
35370
98254
50237
12098
72538
66302
77024
47168
62305
49247
72778
37652
18095
48336
92944
3212
46496
85663
89791
46636
43392
40241
33584
45790
88872
70183
59373
75026
63538
66790
17319
82979
31095
52790
85179
26222
7298
7995
43959
46305
98680
1309
21015
49213
25943
24972
41970
43390
81655
59645
34900
82754
18715
56591
73812
45689
18361
44544
96267
28564
87948
15256
47646
56572
60338
23240
97591
58240
35032
11369
95644
84016
11030
41744
86438
49309
26553
89720
14244
69816
43645
34247
37011
44314
63736
8513
87173
32290
44359
38859
59403
86252
17969
97064
97786
43648
36701
32915
90684
15294
56750
58648
20727
99107
23032
17782
16274
78028
65156
74247
20975
22857
46373
40529
40813
90522
52740
18804
2220
91012
66898
2576
61493
6830
47994
15677
9372
70433
52141
30427
81144
6721
69960
22806
95583
57250
68992
78168
54879
61108
98569
50998
66645
84698
70248
13113
51625
8564
55659
69184
33366
5837
5996
63727
97576
42790
62899
60299
84277
41845
69330
55773
92581
45151
95528
37413
13449
10667
17283
8353
61765
74197
33972
29249
92338
31224
73094
16526
44274
42565
85165
92084
81266
23590
12330
13535
45857
77494
75649
52919
62291
51847
25377
92470
60564
84078
18505
11875
14180
63793
18143
22571
74310
54459
82172
16891
54831
27874
80796
55516
32839
81662
13364
53407
22247
83552
20129
60328
99981
34529
90119
68290
95658
7925
40547
83960
8328
36817
73902
46012
20698
98259
57536
86375
81810
37986
40012
50073
76288
70320
58246
26966
34467
43871
50563
57521
50067
54324
2587
91605
34843
74779
84464
54369
47275
84104
21522
93690
18557
28038
23258
86444
74663
95430
6537
20940
38706
73797
72574
17
24828
17530
18753
27726
68477
80441
17712
71023
24962
81154
6482
73981
60955
20672
82409
84639
741
85595
31921
27257
88408
21200
35934
50595
59995
6150
64059
14126
62429
79276
89166
48302
48878
76296
51318
96264
76364
17588
29450
52272
61116
27648
95697
3732
27148
33491
26324
77217
28547
71969
79986
50082
78784
38620
87715
19999
51080
38570
90908
25088
22910
50097
45785
79457
10977
18779
18734
82149
18298
25551
89251
27182
14191
62809
18057
18740
19668
94255
4957
26399
29897
94041
64076
54408
68755
60920
19530
56412
11629
80671
55012
25457
83902
48393
39957
25433
98347
4379
55680
86447
39043
77383
40612
74615
8261
49476
69536
69013
22233
5134
73373
26797
96943
41635
80843
31375
75211
49433
10068
28888
38118
68057
14576
81197
87651
50981
54467
7394
72488
80288
56394
87529
78112
52210
39462
66021
31734
42842
35478
61217
96778
49909
92729
50083
43263
52845
87484
57686
63660
87165
89315
62582
29819
10766
97418
85990
68621
93303
78958
57491
91057
70485
48825
84496
2720
31084
3996
2970
88626
59606
12945
97304
13307
34369
38
85782
97002
89912
28570
94193
20259
74767
40520
62469
9300
8498
26104
33794
43224
52781
34586
3564
91892
91068
18751
94247
6351
3762
63416
17390
46648
60810
53360
16122
95729
90297
35479
659
43819
25663
21573
76802
56510
94114
75463
3326
65442
45717
25665
52294
87657
91339
7287
47672
43499
9791
58189
40619
44396
29345
10474
43379
94393
85260
15662
28617
94990
17630
10970
95033
81122
67588
89171
13277
55550
77613
19999
83006
63408
52090
17401
39366
10121
58843
23595
39804
1231
57657
34574
89986
54930
57766
55661
82174
62067
3187
95237
92797
50872
43339
10705
36030
97503
71816
68588
92620
72121
69054
62272
16024
2961
54388
85304
39140
33634
51789
67073
32494
1912
50421
66293
72508
54553
59238
5046
97091
76037
87662
25550
22567
40235
75184
61862
72612
48856
17840
83012
75304
12730
8531
19814
70175
17727
12014
16524
95423
55402
68823
37473
59954
54574
58480
90509
45003
299
34832
38335
68673
53341
52892
18269
97445
5940
97726
57528
44513
49562
63210
85236
17899
51942
23978
17531
62684
1805
49559
72543
19905
61817
95930
47310
20600
37586
76809
49845
94496
52073
29357
27110
51268
56680
56482
63839
35267
21199
9460
87853
88485
43018
98825
55043
8905
45057
15729
4017
48137
93487
28730
74122
73119
37782
85982
80981
54153
45732
27017
82124
27065
13441
93765
28311
58048
23750
89092
41369
44988
43283
24798
42955
34065
88482
12827
64789
60546
46584
91973
90105
51121
67462
31401
40156
81758
86638
16189
22211
1924
11006
73722
95536
66753
55037
76263
97743
13517
258
25969
28326
73611
47439
79134
60813
62340
42760
72272
43012
64712
76696
48968
39047
65132
34606
5305
39522
29917
15263
28318
58907
55517
56196
79138
40211
40354
93393
32370
31446
74026
80599
4365
26244
90316
64572
43220
83559
43706
8913
54601
17572
36493
50410
32943
54578
59842
77835
28619
57662
1029
1926
29358
61753
17541
60017
94486
2847
68189
92651
35433
39198
47925
14357
80177
79275
35306
43217
54279
78100
14470
72718
43361
43408
84190
91844
29321
18543
44437
71933
87481
55700
33976
49666
63411
20917
71825
50464
58795
33675
36709
25633
154
20848
47499
21616
79831
60632
32379
85167
53294
68264
97249
16498
6765
62133
46736
57297
83549
39885
29650
70281
92912
65661
43687
2281
67636
56951
97009
18873
17888
33602
90339
18627
92066
3684
30724
37070
94647
99444
26889
66212
85821
74579
95170
73456
90023
91824
1519
49234
98295
91994
90184
8594
73548
72655
85766
74284
89500
9524
42868
75904
93506
1229
15058
59367
31231
63586
6227
30742
78084
38173
91002
88392
13137
18916
7264
74084
61509
55768
85495
25861
82943
256
64235
20560
97614
31791
94099
98598
90910
46925
19182
29898
71265
10260
30715
24408
1161
78569
54695
61679
61569
61188
76563
89990
68943
64227
24147
62119
3962
67655
44790
23444
15356
56005
82191
67789
81366
22496
96242
22988
85905
10111
97680
83955
21163
31912
35933
65038
42167
77986
58633
55092
47852
5987
10383
79923
31375
5234
88955
64681
42439
41522
1064
8311
24551
21906
24930
2979
86388
72888
41324
97734
56136
27262
33454
92076
94124
83261
55283
36789
36319
40071
43288
6687
14942
37946
10159
78403
71546
23177
612
59211
22490
72766
40978
53078
9537
15358
25939
33009
81340
48785
91979
54245
88372
96843
82364
35160
62593
62928
55911
75530
85397
17594
20431
72304
14472
9637
9547
87728
22905
55269
34381
2561
60117
92001
36400
33949
22228
72830
53182
5214
32917
97349
68690
38986
11653
79912
80586
81
40735
58534
5034
98218
78484
79095
54634
14462
95596
44540
77788
21701
50875
97394
25344
70901
19508
94480
34056
83991
82759
71547
17339
48140
74882
55215
45938
89963
60242
38764
32179
98880
11665
25196
51483
64466
64210
50863
52092
40631
1971
74975
84870
27681
20695
42435
1703
52311
34583
21347
34529
27362
73217
31147
93063
3399
82746
99001
89996
5859
43141
2001
89758
31026
19049
29999
42551
37395
12477
89816
51617
60302
8173
22685
4261
79777
36005
43564
32244
1618
26526
71912
96856
64291
60507
34895
95918
90979
49522
87833
49419
23580
55335
23502
92780
49594
35795
90291
89772
94045
11702
70462
21126
13941
13097
82622
1772
11121
57192
57539
61057
89189
99548
16718
8231
30508
33058
47839
91262
24663
84219
95147
74
96145
44954
48537
58407
58500
4897
76699
57799
59115
15915
21096
95458
59242
45182
83120
25896
54517
93078
18306
96789
33902
68038
95421
33365
96960
59742
26697
34841
93660
23820
28557
9456
49027
48302
19508
80013
55615
49768
10322
56756
91648
81684
46042
1024
72785
902
71286
80266
54539
52341
3278
33482
2933
16561
24025
20025
31106
18631
95424
39118
1277
32741
46351
8574
70023
87191
87904
6175
4224
25558
67762
36710
98065
67474
10013
8190
65600
35106
16735
80341
36339
11561
99543
31240
24850
90339
56029
22163
46077
8017
95749
84638
16720
60499
52465
60969
72333
90689
20929
39680
73149
34993
61244
14959
47013
64636
70780
75867
68271
15927
67234
95176
82613
39081
54403
25873
22549
43871
37080
39016
2196
96700
31950
58384
71626
45519
72152
69848
53646
89442
92806
33234
3357
97965
29285
87974
17551
40113
53504
68599
92753
31492
19505
61894
34513
59565
45349
85339
83214
6741
24027
87227
68882
8805
81274
359
67749
47467
4073
18751
41802
42910
27682
42891
11368
75977
99871
1416
4149
23523
69251
90482
43397
30215
6894
8603
49748
17149
91974
61104
76542
77110
56429
92033
25726
48878
55690
4495
63416
951
8632
16676
41855
45077
5254
84231
61116
88059
15573
83235
20738
91247
78940
76584
42023
8326
5847
21607
9048
22012
25602
88270
34076
24109
81868
92098
58654
9661
87134
81515
47058
10532
33343
81333
42679
81289
24877
25142
28344
13081
28908
10938
69566
62665
50313
11045
49910
19592
25957
36632
73179
54067
75546
73856
89261
75367
87944
84699
10645
20071
87080
38936
85227
31962
37096
64924
61803
88086
79429
42183
17361
46666
71445
6310
73335
17404
32496
65973
74987
94326
18271
7797
42448
14989
63460
37348
4797
43868
29198
34972
51402
37002
12653
25690
39098
59190
21147
19895
82660
26695
17044
41126
62494
58834
33787
98424
90534
65814
61715
96280
45607
78810
7149
6642
47357
77613
91486
86564
4846
21413
29044
43580
71688
88520
28182
66732
2814
17326
22192
99080
40637
80164
72506
81042
47175
51878
81311
26184
91028
79541
66697
8357
74845
32970
87931
48432
98634
95192
14428
55204
60962
92549
13480
7404
1759
47438
47097
35275
46965
38241
6523
20120
27116
17040
54779
95893
4661
67600
98348
92515
91065
1448
38037
98771
1167
76862
98261
78199
57494
91401
76916
13268
76935
57774
95028
83734
7007
72713
57363
84547
65592
26854
61040
94457
30075
22992
40565
69271
16725
11551
76286
85722
60971
38387
60441
48815
27598
10599
51511
66715
88693
61787
38964
6307
137
91206
38228
85163
75908
31290
58195
66538
46803
70436
10407
32156
56319
35747
10539
40182
53437
39400
99808
26892
98757
32912
54825
87893
25384
63026
13102
75768
92329
97204
26854
87103
18400
68376
49458
46439
45013
17295
30691
23069
85982
31756
20501
99398
48813
55771
68495
74129
80829
89035
75862
73217
41267
42608
5981
19623
74654
76035
33925
68923
31417
51183
39485
82514
48516
58741
22459
54296
65621
29588
8041
28526
15428
95789
51431
57267
18330
18832
26546
33235
93792
11644
97883
23444
44467
39535
11634
82083
49357
47452
49218
35091
77350
11115
53414
86467
85327
738
34817
94902
19723
34451
51497
60069
49622
31321
68574
73617
14489
3006
90077
61743
29865
55981
31799
91006
61531
87851
29699
59461
37329
33309
80468
69961
79540
72890
23280
81427
77145
66045
37543
59983
76152
55964
88839
56615
76550
52093
70587
19554
4261
24524
66199
396
6794
12446
99518
76353
50563
21001
39713
85432
81651
47865
65892
71010
89175
2296
14749
31710
82668
58917
66770
11932
51586
47735
25070
30973
10170
90444
22788
55728
57106
95128
23062
72277
56612
18053
66056
73799
25429
57506
99562
20936
73212
87385
83677
40560
46072
20188
9859
75012
32236
27890
39773
20545
95577
76284
15213
49822
23713
65392
89636
90017
23328
88196
73400
54323
99987
35979
13491
39522
11125
54855
61622
42816
26557
64996
83098
31428
55475
93089
38124
95438
16120
7776
53719
55056
33321
26201
18249
84777
83190
46298
55302
56142
32620
26836
83734
98190
24287
98385
76613
52855
36916
44955
16380
50138
15170
76748
39348
73130
2508
85315
92975
86797
36384
84629
1346
3402
54376
3594
78448
80718
41498
47227
77638
44781
87594
31157
27583
84372
93265
20853
91023
57685
16228
72343
34618
22005
44951
37663
33965
68053
88697
49645
19852
61944
72458
4082
53254
70129
56980
5739
14723
48583
74125
74130
46725
93340
60571
84091
75895
15317
47605
82787
30374
61605
63419
19383
10848
62414
56396
7871
15703
74418
37984
50106
72617
38478
48265
92639
14069
9372
61937
20533
79240
19393
32593
25938
314
79981
91897
13122
85043
46958
85909
86484
97454
20193
58171
41053
58731
91516
42320
71928
41319
78961
94057
25345
